Date,Indicador_Renta Variable,Indicador_Materia Prima,Indicador_Renta Fija
2015-05-01,100.0,100.0,100.0
2015-05-04,99.26616977329819,101.31702316951743,99.5244930916921
2015-05-05,100.39071618518929,101.38941291670507,99.87151635772481
2015-05-06,102.29988904529768,99.84976157938763,101.29737214779722
2015-05-07,101.09956021022077,99.90675100525362,101.08301797073689
2015-05-08,98.9702614260227,100.84262512092052,100.33066503954144
2015-05-11,99.04928924664259,100.86384556167336,99.77728748706677
2015-05-12,99.7626734437235,101.18708358965667,100.69798945930232
2015-05-13,101.04378452673464,101.7559438441067,101.92815977642842
2015-05-14,100.47217837152147,101.70544668562307,102.31082712941024
2015-05-15,100.72046234583858,101.64503310361962,102.35075923062459
2015-05-18,99.36303581889698,102.92638027134119,101.02912582424815
2015-05-19,97.81819614441136,102.94520682118466,99.54798699454985
2015-05-20,97.46933064641071,103.63103061408934,99.08622293576148
2015-05-21,97.62540891530122,104.2213726060728,99.30044995888177
2015-05-22,97.03720032772688,103.16666163521909,98.45543408920078
2015-05-26,96.81461096663766,103.47648465512015,97.14707238829341
2015-05-27,96.4399814615168,103.70201267092978,97.18639665977376
2015-05-28,97.03131029293951,104.10127721793968,97.59238711498011
2015-05-29,97.9739872673381,104.26156213493616,97.88811786751013
2015-06-01,97.28260086749722,103.82010702866916,97.41290551392524
2015-06-02,99.3870314973879,105.57969258628364,99.40854114449971
2015-06-03,100.12900952773765,107.42703340229487,100.64179844877205
2015-06-04,100.74795252099415,107.82633329989154,100.55040052088975
2015-06-05,99.94318675490318,107.08188176719294,99.37319153378743
2015-06-08,101.96687092306267,108.56894869534786,100.97090772215142
2015-06-09,101.90898898101548,108.23934155115006,100.651780975366
2015-06-10,100.92691970155816,107.78260638372676,101.44510219171787
2015-06-11,100.11545296632156,107.52093045134399,101.10777575242581
2015-06-12,100.96590898382367,107.63182315038026,101.18647811418501
2015-06-15,101.72447612103616,107.35742944950768,101.3113111263645
2015-06-16,100.75805576874876,107.41912357144022,100.9405079295395
2015-06-17,101.37451127337384,107.94864879864436,101.5824562297538
2015-06-18,100.55488161650432,106.66824384988064,101.4957294460456
2015-06-19,101.04767371066428,106.75076728517507,101.33645467205245
2015-06-22,100.36673884925422,107.91939677153931,101.27262226858323
2015-06-23,98.66622158247823,106.91707892642113,99.96723965202929
2015-06-24,99.96550186276963,107.57168078899258,100.23837310982039
2015-06-25,100.38676194613957,107.77576862986331,100.30663213134564
2015-06-26,99.72805813686739,107.19239783360992,99.98587574128878
2015-06-29,102.27528248253677,107.4600603156908,100.29510642807682
2015-06-30,101.32300737867175,107.28880170092674,99.63171567387718
2015-07-01,99.65865443304664,106.70493415363526,98.93480737493252
2015-07-02,100.09296140448114,107.23369999296555,99.50731688407538
2015-07-06,100.10281395714702,106.58695344452028,98.88029905930937
2015-07-07,99.16323202089035,107.52944991740848,98.4423904525501
2015-07-08,101.20402906507138,107.88609447093197,98.73585767837785
2015-07-09,100.63550240237339,107.38245141017343,98.50355599274192
2015-07-10,100.57067100394819,108.199945230151,99.56254543077385
2015-07-13,97.8598783758871,107.16974425999427,98.18323346693681
2015-07-14,97.50920983641076,107.41546828586291,98.34569743155835
2015-07-15,97.00233473866723,107.45417825750937,97.78888965463474
2015-07-16,95.95414307076992,107.0952739749864,97.04751079714963
2015-07-17,95.73517018896777,107.7065383436892,96.51178837605505
2015-07-20,95.61702352888298,111.23302039033805,96.46721018280977
2015-07-21,97.52603523565567,111.87495215411691,97.39224061275166
2015-07-22,97.84414932139111,112.52606329297605,97.25943542843561
2015-07-23,98.98372743633499,113.45172589724301,97.78580336487096
2015-07-24,99.89580865629439,112.57693996637678,97.75927618864446
2015-07-27,101.55343416355892,114.15337107488861,98.68934229193478
2015-07-28,100.18906803620706,113.70745866423664,98.38582300637142
2015-07-29,98.80278272933337,112.77751341017343,97.67821982734925
2015-07-30,98.36306458972119,113.07683313048533,97.28009296952658
2015-07-31,99.1383223099035,112.88445536630111,97.70124547995106
2015-08-03,99.34577572316331,113.46499877928227,97.40452301088894
2015-08-04,98.98569683374431,112.64986997526785,96.62075461733494
2015-08-05,99.27011190174129,113.18398920997481,96.91398984704271
2015-08-06,100.12478099152626,112.91015094300965,97.23976036451812
2015-08-07,100.77372951119179,112.95261499017747,97.57273692970371
2015-08-10,99.85341644632423,113.48402683176862,97.9541879319275
2015-08-11,101.26251424845104,113.70288678035497,98.11187000087938
2015-08-12,102.32613256754725,114.0853461107374,98.93677761685457
2015-08-13,102.20975924656416,113.2260135604023,98.97734397394531
2015-08-14,101.42503194599242,113.640839539165,98.59860714023063
2015-08-17,100.74676800461243,114.22762805108758,98.40295009933799
2015-08-18,100.44853531450215,114.78818805659611,97.77366295945343
2015-08-19,102.2404276405057,115.4435242486349,98.61775213608182
2015-08-20,105.43707873887938,116.03568183033848,99.60224951518364
2015-08-21,110.02367396136934,115.42031743461486,100.86857179636858
2015-08-24,116.08425170803505,112.55424018014544,102.87129747258366
2015-08-25,116.56815530403435,112.11388017444784,102.06534151392619
2015-08-26,109.7877289579017,112.60144798843244,100.21297848913571
2015-08-27,106.61949226732142,113.25612851733757,99.69560637904031
2015-08-28,106.11371309132441,114.74429908249792,99.11799190768232
2015-08-31,107.09120447601806,114.6125016654511,99.30105528367747
2015-09-01,111.09077468534616,114.09337013502766,100.1472683549975
2015-09-02,108.17696303410442,114.36042189420698,99.42364216618277
2015-09-03,107.00938599592662,114.55535505353483,98.54150555827692
2015-09-04,109.03479470407302,113.92161823718014,98.59848252982384
2015-09-08,106.93023978966336,113.34218282132522,98.98102173984643
2015-09-09,108.51812093165833,111.91772118963964,99.04971000213969
2015-09-10,108.71076890157737,111.48450011549372,99.5977908687941
2015-09-11,108.58677735479752,110.63460197847623,100.28758150390479
2015-09-14,108.7965872542021,110.95494385598545,100.16253567661197
2015-09-15,106.80555625565876,111.05080352120868,99.83102871020175
2015-09-16,106.10447565404719,112.26520745757061,99.98976852541136
2015-09-17,107.85800521173205,112.02875153219084,101.21763420113774
2015-09-18,108.44972912997723,114.16082830034102,99.80335957924551
2015-09-21,106.56359088148834,114.67684002343744,98.84010999617504
2015-09-22,107.06006615633858,114.5149912988099,98.21791505914878
2015-09-23,108.02138369667212,114.62994130774183,98.79742358712157
2015-09-24,108.96390989666517,112.68999100156131,99.14469334469196
2015-09-25,107.85851324790097,113.0968766475436,98.82131697811869
2015-09-28,110.38736764977924,114.98967572305465,99.37799122406442
2015-09-29,110.11069770357537,115.49974903294121,99.34170375866519
2015-09-30,107.77476450158072,116.0280395863827,98.77593971976019
2015-10-01,108.03190073098052,116.36834678094829,98.82160357170066
2015-10-02,106.90644719092279,113.97974798233926,98.98003052993252
2015-10-05,104.66059217152385,113.98050673444168,98.67212432405746
2015-10-06,105.35532997155462,113.68539080066452,99.4734067218357
2015-10-07,104.25863741909771,113.50027941746626,99.23083338129025
2015-10-08,103.76862636395028,114.53759546781197,99.59405005115143
2015-10-09,104.31393759555648,113.61543633471298,100.29306621790872
2015-10-12,104.0247073508198,112.8963326417953,100.29306621790872
2015-10-13,104.51954349206157,112.62153431755225,100.14848801743545
2015-10-14,106.33845939208567,112.09295091110276,99.37287001454762
2015-10-15,104.14263998445081,111.32486422689963,100.08691771916371
2015-10-16,103.34148252219592,111.49966469886543,100.42884017667988
2015-10-19,103.06226897659576,111.91063865524603,100.58111701705107
2015-10-20,103.3150522521621,111.59706016720214,100.49394593221571
2015-10-21,103.5424864797454,112.36943121491475,100.53565667371232
2015-10-22,99.42551372618716,110.15398428872518,102.67247064720003
2015-10-23,97.70132861444942,109.39659573711496,103.54835806117319
2015-10-26,98.18520779975957,109.92430113853771,103.11820796902556
2015-10-27,98.35504354945593,109.49150604382822,103.26695700083853
2015-10-28,96.08132819382611,109.2318115140822,104.53335230365172
2015-10-29,96.68154182319462,110.72156848621168,104.033112285863
2015-10-30,97.43732887512323,111.38527526958819,103.71012550790132
2015-11-02,96.61520439930634,112.29219435907517,103.56018300140165
2015-11-03,95.67027067576159,113.35669944619862,104.05134767816861
2015-11-04,95.07986779082032,113.34634495125043,104.9473566074038
2015-11-05,95.25915836438239,113.94030752759136,104.77379427563851
2015-11-06,93.73749794580573,113.90015495306469,106.13293092107102
2015-11-09,94.7737175413921,113.75461867475443,105.90286895978572
2015-11-10,94.37765599690049,113.73326018480283,106.33699896457007
2015-11-11,94.84160949024185,114.28969409646896,106.11317239348635
2015-11-12,96.81699500319314,115.150864841416,105.49463435763276
2015-11-13,97.57828759093462,114.85002562973197,105.89612697887686
2015-11-16,95.42753355706499,114.03781980820418,106.76546969099812
2015-11-17,95.85765537081271,113.19158546267245,106.28794229584405
2015-11-18,97.050894356793,113.04585387508122,106.4674153691391
2015-11-19,97.050894356793,113.04585387508122,106.4674153691391
2015-11-20,98.355607158869,113.5379411333079,105.69575666884212
2015-11-23,98.27613787601811,112.7138240831851,105.59638119247055
2015-11-24,98.31919145901827,113.32131520367956,105.68005583020175
2015-11-25,98.50166142624984,113.04588376526719,105.3768896236011
2015-11-27,98.70728990907418,114.16201175882192,105.06850827947464
2015-11-30,98.53199973001072,113.06709311272408,105.34696717505676
2015-12-01,98.8324385874334,113.3132723356364,104.69439569244902
2015-12-02,98.1218979751883,114.7760081425775,104.87192740440983
2015-12-03,93.8536689000627,117.29685701456326,101.76329461873146
2015-12-04,96.35999864462205,113.95932305173693,102.21178542066392
2015-12-07,96.11633357418187,115.08693585057941,102.64061129689657
2015-12-08,94.75447542311639,115.28116737352813,102.21863540764178
2015-12-09,93.20803674250872,116.90282870202145,101.01950526218533
2015-12-10,94.36635480880715,116.13707237778402,101.78823798414055
2015-12-11,92.32457390205734,116.26847027252201,101.31673420130956
2015-12-14,92.82621337397057,117.94401689938304,101.32960145985312
2015-12-15,94.18482681178271,117.13364616085018,102.04588064506146
2015-12-16,95.5557390546598,115.70238142753742,102.19609479533716
2015-12-17,94.9405661512924,117.09106798342411,103.04253233532962
2015-12-18,92.58827897708149,115.8624064163583,102.77532167403422
2015-12-21,92.8519833583866,115.04673413937726,102.27784939115979
2015-12-22,93.38421322393286,116.12218237167355,101.87896252381103
2015-12-23,94.76713498218473,115.85314731181406,102.2991012072395
2015-12-24,94.05598674586919,115.7888657922252,101.7890288897052
2015-12-28,93.88509587009553,116.59666160532579,101.81777851568823
2015-12-29,95.33450997015197,116.0808625466946,102.27905331705972
2015-12-30,94.59187762137141,117.05068584919029,102.15058341637065
2015-12-31,94.24292950930902,116.32331695814635,102.81829575503409
2016-01-04,93.01516623158513,114.5051059756619,103.16100679613733
2016-01-05,93.78659149952432,113.29120540128756,103.95765394575395
2016-01-06,92.1255219023559,111.96217816813139,103.68114896536818
2016-01-07,88.74427149416303,111.96400303170253,102.29016368297708
2016-01-08,87.92377368730725,112.34857382157193,102.45242690838896
2016-01-11,87.13170381119144,111.98208167325112,101.85803489298898
2016-01-12,86.49850336014487,111.2104338413288,101.8145458174491
2016-01-13,88.55683952957884,111.73444109058975,101.91074916394018
2016-01-14,87.20952197088938,110.30209296953188,101.88008403981182
2016-01-15,89.68894498355834,110.85573177560924,102.25424700101352
2016-01-19,89.4663154728664,110.78726789051598,102.15872287774337
2016-01-20,90.71322986691948,112.3490852871377,101.96933975970995
2016-01-21,89.91171736673067,112.54301178856832,101.87391505027776
2016-01-22,88.05998455468789,113.02157272667527,101.17220180551085
2016-01-25,89.6243261475723,113.48867154083892,101.63950813034707
2016-01-26,88.2094483905804,114.49729792702868,101.8019403312682
2016-01-27,89.60857914645031,114.77177457188554,101.99651127216913
2016-01-28,89.29305723636693,113.29942899710011,102.46865252007076
2016-01-29,86.16816362238626,114.73514665918216,100.82140868798646
2016-02-01,86.70838437268802,115.17559730646586,101.25587499762462
2016-02-02,88.50853657568364,114.90967115629422,101.54334931990014
2016-02-03,89.00443838982017,114.34803835160741,103.10486070500095
2016-02-04,89.39886899432865,114.57201864239177,103.95986771536047
2016-02-05,90.14787258693248,116.86955381038851,103.15254223659763
2016-02-08,91.41643075648554,118.07583127462682,103.53622299720499
2016-02-09,92.29755544647598,117.02042387406081,103.81552671401984
2016-02-10,92.86369949476362,117.8171400385589,104.05182986634709
2016-02-11,94.59925084398434,122.36074465796706,104.33670196083239
2016-02-12,92.13013982314794,122.22715277787536,104.2546392208657
2016-02-16,89.90762074228577,119.71291719311766,103.01173326894079
2016-02-17,88.34733582245346,120.68997488845547,103.0339759600071
2016-02-18,88.39763179815688,123.15642511223353,102.67524940946778
2016-02-19,88.69553491237833,122.49553593741346,102.81297187070572
2016-02-22,86.6428751268205,121.7753864913872,101.79867088330039
2016-02-23,87.54976964890606,123.72331046342795,101.71301519594915
2016-02-24,87.21043480987055,123.99368034163578,101.39324961657958
2016-02-25,86.12739153273196,124.35700850635487,101.40591986998031
2016-02-26,85.76365894171866,124.35188262020213,100.58654489889325
2016-02-29,85.92244921473073,126.60413503151577,99.97567646534849
2016-03-01,84.06869543642065,125.99566724372787,99.93625448455818
2016-03-02,83.89801660585816,126.79633767713156,100.0216420171444
2016-03-03,84.35996854326673,128.22802695385326,101.06249612198665
2016-03-04,84.41626682161261,127.13352667292249,101.37061070632387
2016-03-07,84.15205893982346,127.87519310558882,101.36674301507627
2016-03-08,84.67069446355283,127.31556297784343,101.08563925538456
2016-03-09,84.39714078750524,126.62493623235845,101.48671283873085
2016-03-10,85.76676312817025,126.49951714267884,103.07000907738647
2016-03-11,84.5021874203607,124.46637321246142,102.96450650933163
2016-03-14,84.02078454391751,123.64120059400801,102.26818419941019
2016-03-15,83.95698597706311,123.28531071142602,102.95623366067392
2016-03-16,84.45965164905202,125.01135627776155,103.75448566271882
2016-03-17,84.4082710796079,123.52141377395688,104.6162034266608
2016-03-18,83.46296034937258,123.79407737909659,103.86503924189819
2016-03-21,83.14509908865564,122.96168478532549,103.59708388756896
2016-03-22,83.16246120899268,123.67754842165083,103.3685833439914
2016-03-23,83.27420838313618,121.27184875149403,102.94007185304318
2016-03-24,83.15948395373071,121.02060826918722,102.87558460559629
2016-03-28,83.2297348703794,121.2681907149451,103.07097278437703
2016-03-29,83.47009720712056,122.26461275718168,103.99202686109948
2016-03-30,83.42224783541998,120.07383611435071,104.39581982476477
2016-03-31,83.87823779800277,120.38556304812043,105.14418631153453
2016-04-01,83.44911164984661,119.27905748432771,105.12075326301677
2016-04-04,83.18764065888237,119.97857559504472,105.2664844366716
2016-04-05,82.61143948931363,118.33232589303068,105.23399874256776
2016-04-06,83.03107039227412,119.34028208339946,105.05391255122049
2016-04-07,82.36689221522678,117.36153184606769,105.17138450480246
2016-04-08,82.3791874058939,117.55507804484296,105.16486790146273
2016-04-11,82.21795965088549,116.02035620485862,105.09575970489566
2016-04-12,83.1502704038827,116.00411133819497,105.35436647919862
2016-04-13,84.8626009994486,116.07957807515562,106.31685574810157
2016-04-14,84.99384259872072,117.38065102433175,106.4085441485435
2016-04-15,84.73616718736727,116.96478420928214,106.40477660979172
2016-04-18,85.0228325857542,117.40642868426269,106.14599105184888
2016-04-19,84.91852548732082,116.1921752737028,105.78808201625377
2016-04-20,85.57884713110658,116.11981885999953,106.40128600997075
2016-04-21,85.10871711477455,115.6723174037998,106.40208566854899
2016-04-22,85.71033692713337,116.39229080694422,107.14057414578436
2016-04-25,85.23474595440508,116.40303636139356,106.35943682990954
2016-04-26,85.07780029363451,116.19259130366598,106.26133955987214
2016-04-27,85.1316770199982,116.22257909549072,105.71252068120972
2016-04-28,83.91468429996658,114.62885803637364,105.48886092066263
2016-04-29,82.92270444028017,113.17259704830963,104.5768534775445
2016-05-02,82.87032566079108,114.15898629967025,104.03676612570193
2016-05-03,82.49247995702913,114.22947463515098,104.3806594027354
2016-05-04,82.09365350690109,114.74600477265167,104.46244106327553
2016-05-05,82.72815952562955,114.09620672927203,105.2135081537787
2016-05-06,83.10981635323124,113.08154132102729,105.29205086085831
2016-05-09,83.1001886091746,115.07985617723628,105.43768837308801
2016-05-10,84.22557100322634,114.7899046237328,105.51882346938501
2016-05-11,82.81181416071618,114.30621851938838,105.06856308071185
2016-05-12,83.2125261880237,115.03001610965278,105.57667151084814
2016-05-13,82.8380724133916,113.44366178499246,106.19751474703712
2016-05-16,82.09820254659621,113.38659650630458,106.29611669671364
2016-05-17,82.87851517004928,113.89333809757318,106.24195052526342
2016-05-18,82.17777482118058,113.0414610258676,105.38661581253328
2016-05-19,82.51061867702924,112.83540995303368,105.479748391694
2016-05-20,82.35541660071563,112.37566530315583,105.47559596430601
2016-05-23,82.36376304478324,112.15982541883041,105.47969533073473
2016-05-24,80.76915748649114,110.9729814142306,104.70374598187573
2016-05-25,80.2078184686956,110.58082762540833,104.8696000274594
2016-05-26,80.59122851109623,109.78066802851961,105.10411256714016
2016-05-27,80.59122851109623,109.78066802851961,105.10411256714016
2016-05-31,80.08087922119893,109.68250764331663,104.94360502908398
2016-06-01,79.69111004226266,110.44163610465571,104.44579728710352
2016-06-02,80.17526788449473,110.25605789582653,104.72344703499559
2016-06-03,78.51286114174096,109.38591411377003,102.74697302009427
2016-06-06,79.09577875315779,109.1699838171803,102.9773669933063
2016-06-07,79.15409291365914,109.33290764357199,102.94340200677104
2016-06-08,79.19074784080763,110.64173106199974,102.50124480346639
2016-06-09,79.65564037983562,112.03174542653524,103.33227308315598
2016-06-10,79.58195488534061,113.07297729036574,104.10682604455405
2016-06-13,80.46059007130316,112.6329767176803,104.47121635943634
2016-06-14,80.11394792437797,111.61429145495737,103.67194488483878
2016-06-15,80.64735585441306,111.61864702527463,103.98395481573421
2016-06-16,79.96971192863192,112.42517040446835,103.65289864843311
2016-06-17,80.59854779890047,111.17363228292669,104.45511658059145
2016-06-20,80.2725860186845,112.28381399059579,104.78303788737242
2016-06-21,79.64567767989638,113.47274424607815,104.17427845325088
2016-06-22,80.24381294196291,114.18439669939161,104.68590420217429
2016-06-23,79.84016659265556,115.91626219034003,105.52474430076624
2016-06-24,80.68611283047869,107.55769302443795,102.590132005634
2016-06-27,81.23086126914387,105.93066770200613,101.78147861303626
2016-06-28,80.25201076173346,107.33434292108136,101.96335119449128
2016-06-29,79.37836060892327,107.31425680045123,102.45356801487428
2016-06-30,78.18515422861623,106.90656681213238,102.31854365377139
2016-07-01,78.31150196110272,105.62581907715139,102.32726789076685
2016-07-05,78.36431610832369,103.85812708716426,101.77965924865421
2016-07-06,78.19188090581389,103.52266893631554,101.88710755802292
2016-07-07,78.0299325189588,103.4300604099386,101.4797413635508
2016-07-08,76.85020985523293,103.98989289968728,101.31001398725076
2016-07-11,76.559473803985,103.09272076993314,101.420265529755
2016-07-12,76.07322587962726,101.36906526747472,101.38836324127121
2016-07-13,76.17104531091235,101.82751401471674,101.69296874362811
2016-07-14,75.82127674392535,100.99233187925935,102.07954552649875
2016-07-15,75.195379483346,101.93945874365936,101.53456264343339
2016-07-18,75.40020130704399,100.91816185751765,101.9012788967731
2016-07-19,74.92462652848232,101.6537931354979,101.38861249176861
2016-07-20,74.73831855978614,100.49126049323034,101.22738299981053
2016-07-21,75.12526735123818,101.56345256405679,101.3811516375686
2016-07-22,74.5714073339032,101.35020819402429,100.94189265911483
2016-07-25,75.00534379894314,100.63886654946384,100.98872398304565
2016-07-26,75.02228048840514,101.0780783455176,100.80054402055217
2016-07-27,75.51713443166118,101.92747030350601,101.14375501286382
2016-07-28,75.71123010705331,101.4238595193346,101.44837365975826
2016-07-29,76.46651411253953,101.71237321209657,103.1136969949502
2016-08-01,76.50631596292166,101.95349611633435,103.255585077
2016-08-02,77.297261263126,102.18023224385072,104.43060274272072
2016-08-03,76.60208703943987,102.46098372909032,103.54746258472122
2016-08-04,76.48365221408018,102.86033369664318,103.50754530350574
2016-08-05,77.58838917858631,104.36018013018871,104.06937783405556
2016-08-08,77.5148230107449,104.43289299056,103.75549541998592
2016-08-09,77.32830492046307,104.28253293481306,103.72441695021104
2016-08-10,76.7648912053538,104.37812371205789,103.29259122497218
2016-08-11,77.52459197499446,104.62165063022694,103.65430542608325
2016-08-12,77.19699069120477,105.07507739240282,103.36078862823325
2016-08-15,77.10173899899068,105.13762613803843,103.74101667781872
2016-08-16,78.09587009366903,104.78447082863734,104.50605317935124
2016-08-17,78.072856973664,104.88528810209954,104.72267395955402
2016-08-18,78.42051277867986,104.56550944610409,105.28091283310414
2016-08-19,78.4104868475836,103.98909171317206,104.96948677142801
2016-08-22,78.47373749778443,103.85044715010828,105.02019854665757
2016-08-23,78.2937910321417,103.86942722649357,104.70710435737986
2016-08-24,78.28766586912087,103.20078820042222,104.40918467026661
2016-08-25,78.57317365524624,102.84071017891142,104.5277797912987
2016-08-26,78.19024714740856,103.57777044097847,103.77128458021548
2016-08-29,77.66967128128186,103.83369857155654,103.71524078973631
2016-08-30,77.55426793468132,103.29564935551639,103.23206985794471
2016-08-31,77.882722186971,102.9884132324111,103.43889139690654
2016-09-01,78.07630151839464,103.01544901904549,103.90129558898731
2016-09-02,77.48023382269419,104.28485211991988,103.6297512597343
2016-09-06,77.97005050524277,105.30119505445421,104.4869037133184
2016-09-07,77.90951001723434,105.0746038362127,104.13051678596203
2016-09-08,78.2488642055401,104.34223097409301,104.44136472843246
2016-09-09,79.7350461545554,103.77476258821726,104.3148693125152
2016-09-12,78.69299274163656,103.7555077128449,104.30583454418526
2016-09-13,79.69856979202397,103.20801662000288,103.95220528793784
2016-09-14,80.05179775296644,103.23635354074061,104.16096979069724
2016-09-15,79.21984986313865,102.65199009557232,104.00913273274878
2016-09-16,78.97660946241524,103.1247168800069,103.1931174880702
2016-09-19,79.1337444706799,103.16326198586155,103.37780315695267
2016-09-20,78.92058047246866,103.5151993212541,102.99823224114937
2016-09-21,78.47826263993623,104.75875358686477,103.64531118167542
2016-09-22,78.188347428334,104.72998784917334,103.82101254788276
2016-09-23,78.86976098802117,104.60038079418398,103.83928685885596
2016-09-26,79.78381750252628,104.37055764893928,103.64918738983812
2016-09-27,78.9158273342831,103.90139805369648,104.20824829671237
2016-09-28,78.44969089049233,103.43049990058246,104.33347222286204
2016-09-29,79.32180132187351,103.29288668934895,104.25276221885426
2016-09-30,78.69436158769848,102.82173783652999,104.15264208298167
2016-10-03,78.75979491616059,102.70748298550477,104.25228050204275
2016-10-04,79.07929278408159,99.38980983025797,104.2762802877337
2016-10-05,78.59638266220627,99.25636487253023,104.23955342263989
2016-10-06,78.26990225821942,98.7552825625892,104.70301531127679
2016-10-07,78.73876114021773,98.52606782931058,104.22877525893004
2016-10-10,77.9161273409137,99.27701666770498,104.80891567243697
2016-10-11,78.17534798375446,99.49638808698707,105.48976791942985
2016-10-12,77.77423992895697,100.11664657249273,105.97510265151611
2016-10-13,78.31207899513899,99.8984410925247,105.51237038223681
2016-10-14,77.54057443011322,100.09835863823074,106.29915519173292
2016-10-17,77.95959644219275,100.22824261830502,106.02857552397214
2016-10-18,77.49853505504701,100.93331240840756,106.19104768066452
2016-10-19,77.27540523353206,101.53608258694629,106.28678174088442
2016-10-20,77.12888662096883,101.67541929149955,106.74550086986751
2016-10-21,76.88095269800749,102.15225904180889,107.14449711890383
2016-10-24,76.53916803304547,102.00807107933808,107.1147787370653
2016-10-25,76.81402533097348,102.7027666579537,107.14467729521114
2016-10-26,76.8209601635587,101.97901021154237,106.95100650960596
2016-10-27,76.7732256706647,102.18668563271373,107.00257708732727
2016-10-28,76.1226153664128,101.93309659350015,106.03350837944937
2016-10-31,76.07164111228451,102.10933539892453,106.12109771183462
2016-11-01,75.12377901430847,102.2985737323658,105.41074391439676
2016-11-02,74.51133881812561,102.58329890922418,105.0715349235337
2016-11-03,74.34425524846861,102.98426673371418,105.00530342920999
2016-11-04,73.92883632398316,102.83745857562869,104.70736621003587
2016-11-07,76.14691444952072,101.90668497895346,105.59310374051812
2016-11-08,76.55593259556429,101.5707804345977,105.75068769459503
2016-11-09,78.45431905950406,102.83580155703615,106.98068409094283
2016-11-10,79.49902491244633,101.48275348188008,106.86558165806501
2016-11-11,79.94606113054013,99.28559289167293,107.07693262123846
2016-11-14,80.91485432607791,99.86244948034816,108.11063261507881
2016-11-15,81.26153539587611,100.60641874641037,108.05412354278215
2016-11-16,81.26063669517708,100.59102758737205,108.07286672285603
2016-11-17,81.91231914804901,100.49831293542792,108.9435881701906
2016-11-18,82.0502264590058,100.15173654756782,109.03714331363703
2016-11-21,82.1105013596201,100.27963051104611,108.70026624598553
2016-11-22,82.42475203157281,100.15015370308484,108.73818031952558
2016-11-23,83.26150733795637,98.85587835549745,109.50067679859741
2016-11-25,83.27829398127187,98.12515633777217,109.0776237444701
2016-11-28,82.84684840991086,98.75754249826792,108.98715236743476
2016-11-29,82.66926599202696,97.9546765526697,108.64038229204401
2016-11-30,83.15410795944325,97.26624202868828,109.2154487661596
2016-12-01,82.88771509282644,96.4850021477655,108.43462288905648
2016-12-02,83.00390614777108,96.03960728820053,108.47953361582049
2016-12-05,83.57848333911299,97.50154307508208,109.40162993613097
2016-12-06,83.0645374744076,97.12742404015057,109.08530184724704
2016-12-07,84.07506041084812,97.10178526337042,109.31022627918232
2016-12-08,85.45207655428656,96.1075344224213,107.9112042739138
2016-12-09,86.51096843014466,96.51711148596154,107.38825757420163
2016-12-12,86.08111784345785,96.99367308796349,108.23468289456933
2016-12-13,86.6535490995969,97.2188979036355,108.27269077296016
2016-12-14,86.87284883912382,97.70785051169842,107.500503524921
2016-12-15,88.15571196981296,97.81296786354733,106.42243794293033
2016-12-16,87.8045399482328,97.6082281101378,106.90545259578982
2016-12-19,88.39442749246895,96.86067738040039,106.38031672160447
2016-12-20,88.92115574187869,97.22949034500871,106.1443796479553
2016-12-21,88.46916979586358,97.62859989603915,106.45443999594352
2016-12-22,88.25671234659788,98.02852116751635,106.53735652093833
2016-12-23,88.16236941884361,97.78000204250358,106.73094965157127
2016-12-27,88.20360127146601,97.3165889566332,106.79099919029551
2016-12-28,88.08175258284977,96.65736497749035,106.24669401691072
2016-12-29,87.37392692331255,95.97849275647455,106.80852722841682
2016-12-30,86.89818793398979,97.10849510140578,107.08982424414472
2017-01-03,88.36316358910204,95.09322358661387,105.93710340653355
2017-01-04,87.92181092750042,95.463224449846,106.92538347797051
2017-01-05,86.75680025367247,95.18909655916087,108.03033324423001
2017-01-06,87.65786196074893,95.11968983326595,107.26103254224395
2017-01-09,86.97546910274393,94.81317777959373,107.68707409385868
2017-01-10,87.00073226331855,94.08820723214919,107.45426503878028
2017-01-11,87.20207485604186,94.04171517422829,107.695778413283
2017-01-12,86.67163052629057,94.01660201362775,107.96032744772452
2017-01-13,86.40442611519654,94.13181995568557,108.30760894071324
2017-01-17,85.58533942954129,93.20590120876845,108.93653874868018
2017-01-18,86.15767203954437,93.46373179953667,108.12975629622619
2017-01-19,85.56936080877705,93.71917344271372,108.63942459901314
2017-01-20,85.66737723892403,93.63673776850504,108.97038189005407
2017-01-23,85.05627904150593,93.56759491799559,109.547487141256
2017-01-24,85.81213113697159,93.98692639505917,109.09800029932981
2017-01-25,86.34674787969716,94.77595189804374,109.4950882770392
2017-01-26,87.02051699860773,95.15852505582103,108.99474055142976
2017-01-27,86.85142915127317,95.09389073053468,109.0517256784887
2017-01-30,86.35358327505693,94.69895414502734,109.06184945813979
2017-01-31,85.0714558058882,94.42403811151871,110.13819299534883
2017-02-01,85.4158454931359,94.23857822453613,109.92265056992544
2017-02-02,85.4693174822483,93.6738369388396,109.88659874704288
2017-02-03,86.07913076058776,93.54873303564949,110.07257541202699
2017-02-06,86.26146743288113,92.09043763161137,109.88950058125772
2017-02-07,86.96639967888888,91.63888337109202,109.11897743151805
2017-02-08,86.68906001323464,91.1977740336606,109.2282911470073
2017-02-09,87.55130641941203,91.801049572052,108.59703385337855
2017-02-10,88.07135984279083,91.30399627488696,108.51808410916604
2017-02-13,89.06838186668156,91.53768830001289,108.10819113033035
2017-02-14,89.6400785292481,91.14979685983543,107.89656111314888
2017-02-15,89.91431979939657,90.93505669567027,108.10191739617204
2017-02-16,89.33366093894439,91.16605062583673,108.87704302349171
2017-02-17,89.84037515116337,90.99644036999649,108.23836600342719
2017-02-21,91.04462660761132,90.2208411621701,107.37286025007928
2017-02-22,90.99770327452222,90.28497921539662,107.51800434022336
2017-02-23,90.94304993305619,89.60746283211071,107.70467303344977
2017-02-24,91.15671585285293,88.89814233324239,107.34567331896015
2017-02-27,91.01856056342068,89.41432790570542,107.44658578989508
2017-02-28,91.00303928798343,89.62784859536538,107.34197404989396
2017-03-01,92.58315274057236,89.29142153567354,107.1254567290484
2017-03-02,92.44011849422712,90.05889146429365,106.68904566199004
2017-03-03,91.45123653638518,90.99350298029056,107.78101800463365
2017-03-06,91.57243083884516,91.3537305167525,107.38078917590053
2017-03-07,91.58163503556163,91.91952987510192,107.13962723142683
2017-03-08,91.4959974882476,92.27366202089213,106.94966202118229
2017-03-09,91.19533616159582,93.12579489930697,107.47644652891672
2017-03-10,90.56913278620439,93.70221650778231,108.42899514926434
2017-03-13,90.64583695500166,93.55279581005745,108.25432160385415
2017-03-14,90.87233719178332,93.52475164939436,108.02894134172911
2017-03-15,90.25744244154048,93.05787870181871,109.3870947308757
2017-03-16,89.92237486526581,92.82260812356373,109.52307398417584
2017-03-17,90.07102237434479,92.37950814772535,109.26673494690868
2017-03-20,90.02491273901926,92.01389573390637,109.27690970572671
2017-03-21,88.40794778048841,91.84394090954777,109.9034563875184
2017-03-22,88.49384310315747,91.42712590269974,109.65110112217695
2017-03-23,88.58849584865983,91.57525148249957,109.46494195290138
2017-03-24,88.2090725135787,91.8221708121304,109.68238327051964
2017-03-27,87.47849311855026,91.55143899330264,110.29072474723533
2017-03-28,88.52663641069583,91.35095471853333,109.79550785586302
2017-03-29,88.74015049291641,90.82418949192319,109.30598673594093
2017-03-30,89.80468246912062,90.83140596664938,108.4224934243879
2017-03-31,89.70679807575137,90.16331134788952,108.26359158150103
2017-04-03,89.49907913205519,90.00557755147366,108.48938114945479
2017-04-04,89.63463468527758,89.83976777135301,108.40008883620938
2017-04-05,89.54889909166161,89.78431353250039,108.28104791644198
2017-04-06,89.77304839657731,89.91484464993877,108.0805496566157
2017-04-07,90.1923853702739,89.2605803380385,107.40970594083805
2017-04-10,90.15820522599877,89.29203272366084,107.48890503498507
2017-04-11,90.05238855834892,87.93287615291223,107.49452759170902
2017-04-12,89.28802789933441,87.61002488190215,107.94321462071676
2017-04-13,89.12153873922136,87.10276945609817,107.40714215802431
2017-04-17,89.66838176849535,87.56477295455414,107.53956281851912
2017-04-18,88.45157327435533,87.93334461123892,108.49619006559932
2017-04-19,88.09560423806985,88.42961716448865,108.1957837243635
2017-04-20,88.798050254362,88.3624549864476,108.30642723763295
2017-04-21,88.57358710754684,88.27815296967191,108.43895981117967
2017-04-24,88.35224788742974,89.96690737880452,109.90670601400925
2017-04-25,88.8661496743773,91.29849997334883,110.439452636754
2017-04-26,88.956257614905,90.74594166680573,110.26791250128535
2017-04-27,89.23642027653717,90.83998617488194,109.95352776040981
2017-04-28,88.8829650316896,90.73803141855257,110.14648236087461
2017-05-01,88.73557159649401,91.60809233575665,110.18690679701037
2017-05-02,88.63803072806057,91.85482873649441,110.56490164421483
2017-05-03,89.030322704375,92.84777059963595,110.11801062158526
2017-05-04,88.20088683685164,94.4284056003061,111.11042601089223
2017-05-05,88.32987043264903,94.55154238043772,111.24176221185076
2017-05-08,88.9508293439238,94.0490239263225,110.5698259588758
2017-05-09,89.20461114789825,94.00182669647937,110.09087200920933
2017-05-10,89.11484535189255,94.11397337675457,110.10314764598368
2017-05-11,89.07141248973342,93.59445529445227,110.10530323924377
2017-05-12,88.40451722898997,93.9364747124903,110.75227416639672
2017-05-15,88.40964070246216,94.1310489802596,111.18164905862443
2017-05-16,87.53898146906752,94.56211718571419,112.31622305968389
2017-05-17,85.39777037681847,93.37521270421836,113.08116910794412
2017-05-18,86.06210611874567,93.96744497807761,112.54100798444101
2017-05-19,85.85632120741765,94.16967736218383,113.53099538518822
2017-05-22,85.98980714768234,94.07803336777027,113.90432854909515
2017-05-23,86.58317703265205,94.32939182308753,113.32390246206447
2017-05-24,86.61247294407279,94.06771833201215,113.72504687418731
2017-05-25,86.97296580911723,94.22105989820372,113.6186211201782
2017-05-26,87.17191043126435,93.15941082609913,113.21570414746756
2017-05-30,86.93847665171836,93.45422033401842,113.23104944726292
2017-05-31,86.40439281631028,93.50715756198485,113.8749094089106
2017-06-01,87.2022194943369,93.46736963674547,113.54492775441892
2017-06-02,86.94660188600616,93.04469837957853,114.2093452765212
2017-06-05,87.04831937777449,92.79207892414037,113.93284915196813
2017-06-06,86.67472242154976,91.92564050098143,114.11241408999004
2017-06-07,86.98260259728619,92.27740624511438,113.93999805864618
2017-06-08,87.35259116600903,92.58133991932553,113.71553731963584
2017-06-09,87.87030374461966,93.24056550587888,113.4241285034816
2017-06-12,87.65771500104515,93.34980880816971,113.56533287846506
2017-06-13,87.97795515108348,93.38916283389372,113.75946362326272
2017-06-14,88.11305548910788,93.86672819837288,113.83800978649094
2017-06-15,88.62936873616509,93.76744643892998,113.01616206284751
2017-06-16,88.31056897546482,94.22985213023378,113.57349367948893
2017-06-19,89.29892983421254,94.56230614083317,113.08191980281308
2017-06-20,89.16234567682619,94.49809480472197,112.95968453763733
2017-06-21,88.65441824366667,94.52278722637502,113.30358042537729
2017-06-22,88.72878319145708,94.08113297659013,113.13347619191516
2017-06-23,88.38542004558546,93.96942435470257,113.50549299295558
2017-06-26,88.54143674349322,94.76608496614128,113.36102821860611
2017-06-27,86.91218305314769,95.89427116323468,114.834056632791
2017-06-28,87.1993421762556,96.06205035249532,115.30364916856557
2017-06-29,86.04182239893444,96.87854858734683,115.99951543591241
2017-06-30,86.4081380423004,97.05511582118103,116.10201839204713
2017-07-03,87.40711901770408,98.20832406719282,115.4297027470454
2017-07-05,87.49503450947886,97.55340747118412,115.44619835092958
2017-07-06,86.31104048648213,98.303549778181,116.29380079834061
2017-07-07,86.86008736231017,99.13961136308532,116.069393850041
2017-07-10,86.8517162912028,98.96683174654335,116.08002554335543
2017-07-11,86.33889843779654,99.28150455096353,116.76068248836545
2017-07-12,87.25371874943374,98.57445169727833,116.11962525924872
2017-07-13,87.44589025541957,98.6903061322832,115.86064185061575
2017-07-14,87.23825979639992,98.41414145629115,116.58792748385416
2017-07-17,87.14514378108201,98.04971652738365,116.66918758316334
2017-07-18,86.35182486440439,98.03483795825228,117.3284618175696
2017-07-19,86.9094255584091,97.7993929839417,116.96244163253104
2017-07-20,85.92746427623582,98.5220432937035,118.12123561505273
2017-07-21,85.5659718098326,97.96418103878143,118.38256058583438
2017-07-24,85.45457682390112,97.76244752851005,118.14533600911572
2017-07-25,85.8159732244592,98.21233115591717,118.1881953479891
2017-07-26,85.56427152684486,98.12402384409629,119.18159308414234
2017-07-27,86.32070756917221,97.75299050109841,118.52003742065577
2017-07-28,85.90997455070742,97.55932058101871,119.2820791692993
2017-07-31,85.48726809623132,98.32426635703496,120.2223469705895
2017-08-01,86.06226200564798,98.04386803944004,119.83898290809564
2017-08-02,85.87435219797689,98.65273245760378,120.36097026316565
2017-08-03,85.8114817840089,98.61739167319318,120.47891110168426
2017-08-04,86.78053581816529,98.56669511737707,119.42964728145493
2017-08-07,86.71908143609541,98.83103705946601,119.6682738645933
2017-08-08,86.90621196601468,98.22416792304182,119.24640200388164
2017-08-09,86.71038444487606,97.01057117769587,119.22218733622971
2017-08-10,85.81053842155612,96.41745970970032,119.306317744568
2017-08-11,85.5108209706868,96.60964585410602,119.80086216293223
2017-08-14,86.33993504680531,96.81177361221484,119.3039661461957
2017-08-15,86.69182828514488,97.24549444047867,118.78281273006043
2017-08-16,86.5577809337465,96.62673085508851,119.02716998640177
2017-08-17,85.80124430409819,95.88309109174097,118.64385652218391
2017-08-18,85.22432139828413,96.4911518480411,118.94081806794827
2017-08-21,84.94925334262683,96.35247770652609,119.43729669916145
2017-08-22,86.10319602025861,96.42776065052311,118.92298044544388
2017-08-23,85.43114586346609,96.35574325914946,119.35265377884525
2017-08-24,85.3766242321231,96.63099562461181,119.16082782544882
2017-08-25,84.59901083990752,97.27605099273046,120.27717046619313
2017-08-28,84.19024105714772,96.31449862255855,120.75808579939056
2017-08-29,84.45952532889716,96.32438614981588,120.61554271911575
2017-08-30,85.19023972323711,95.65780675044367,119.81075909211806
2017-08-31,85.2204224057833,94.93081427857196,120.09603863465001
2017-09-01,85.73356089438565,94.2564592296765,119.50992587638878
2017-09-05,84.43573085063005,93.65845867314677,120.05160255905832
2017-09-06,84.62530434933174,94.0657429127404,120.05007700616098
2017-09-07,83.79128391362084,93.84685479099862,121.10849072675093
2017-09-08,83.75076813371038,94.13095381320814,121.03934927499516
2017-09-11,85.33659742732141,94.81822417231132,120.31953369401316
2017-09-12,85.47438063382465,94.6245267697613,120.65085188242192
2017-09-13,86.21710056314558,94.64700473721643,119.96312649846237
2017-09-14,86.14691739646312,94.39099973597754,120.44005800378089
2017-09-15,86.21050781453914,95.27359047139174,120.55076509536129
2017-09-18,86.38935680324987,96.2640375475357,120.64152608631477
2017-09-19,86.25335252103218,96.31282973916309,121.19520010561246
2017-09-20,87.15567278726623,96.23130830253737,120.12325581841208
2017-09-21,86.59137955045387,97.35540852279273,120.62411518968263
2017-09-22,86.48162227831267,96.97732057953849,120.68508615807993
2017-09-25,87.02462829738228,95.11781982411924,119.64398623870076
2017-09-26,87.38433819008097,95.89900224384334,119.11786793708382
2017-09-27,87.96349239479318,96.34052069084773,118.80554121098235
2017-09-28,87.81636273491438,96.33737651287197,119.47042776317451
2017-09-29,87.70174608883904,97.12938127902409,119.68219234486529
2017-10-02,88.90830575473073,97.11758840232322,118.99221202326986
2017-10-03,89.15607224462937,97.1680980162361,119.06408647626206
2017-10-04,89.12087862555987,97.04860908954582,119.01808325982911
2017-10-05,89.93533469069939,97.1576157395926,118.49055434375796
2017-10-06,89.78287845789754,96.6679235383607,118.78464727247807
2017-10-09,89.65677050455939,96.19269632060389,118.8858266994563
2017-10-10,89.41307195955424,96.45021279027574,119.54688993611946
2017-10-11,89.1931467212171,96.5898738048548,120.08474357576539
2017-10-12,89.28717308973735,96.20317494339399,119.80637632624497
2017-10-13,89.48286134501389,95.3700965402132,119.71299094293286
2017-10-16,89.99909189450534,95.76462053058198,119.46144690241749
2017-10-17,90.3876643346181,96.3110184761053,119.18074639796158
2017-10-18,90.85498861714652,96.78483962755189,119.38516889067719
2017-10-19,90.377937900632,96.63566491847418,120.02412092156518
2017-10-20,91.54929726681442,96.80577159473097,119.38770949051296
2017-10-23,91.6068381430387,96.38090089721821,118.99222412321643
2017-10-24,92.17316047197566,96.90648876851324,119.10572868894307
2017-10-25,91.32780003284445,97.26126633518203,119.64579573206687
2017-10-26,92.88105288110785,96.72249969773347,117.95798901799498
2017-10-27,93.35789720150032,95.87688312092911,117.50528620207581
2017-10-30,92.67418183123348,96.01018279419887,117.9078234080621
2017-10-31,92.82713858729853,96.333212678232,117.83367912208843
2017-11-01,93.27277657866796,95.86558011369974,117.58340729028052
2017-11-02,93.28304538265459,96.07609628355786,117.91444547190082
2017-11-03,93.77619965642442,96.01962929025912,117.40654382875859
2017-11-06,93.79680971570765,96.91329245937546,117.11482013992871
2017-11-07,94.01815598233969,96.60193684182654,116.8901246561316
2017-11-08,93.97773619014026,96.99400469008458,116.90885057486001
2017-11-09,93.19547766171883,96.88212843642525,117.41167036558502
2017-11-10,92.85421891242707,95.93868597838905,117.72856347082482
2017-11-13,92.90762638092609,96.16598177331358,117.85019076806469
2017-11-14,94.05772514536447,95.24251915656271,119.15874942127849
2017-11-15,94.557453646234,95.14199821090895,119.0247185808034
2017-11-16,93.62723201392821,95.34456138206129,118.80444752905701
2017-11-17,94.1849788793303,96.21313063921069,118.88800807109973
2017-11-20,93.43532644071271,95.52105266273885,118.30252487545282
2017-11-21,92.83535852075917,95.75627976082883,118.30591778812706
2017-11-22,93.74759553452759,95.9304264267235,119.04541258838516
2017-11-24,94.49405160885378,94.7622675330694,120.25420068896854
2017-11-27,94.12439875394,95.49470275451961,119.97232842241631
2017-11-28,92.63674890329916,95.92246766368673,119.35267489410438
2017-11-29,92.28766440189497,96.74519421736653,119.35208698657588
2017-11-30,91.45715086202715,97.85575001691706,120.02580217451647
2017-12-01,91.54933156575802,97.3590910447471,119.87346555975972
2017-12-04,91.09644758570754,97.45134893545436,119.64201654888504
2017-12-05,91.20003982164901,97.91934630061414,119.28506484186568
2017-12-06,91.11832400634319,97.85644939933705,118.94998853815527
2017-12-07,90.6734308488867,98.91864408301048,118.70180998189788
2017-12-08,90.23271225827196,98.81791872743132,118.6782159031895
2017-12-11,89.9910514953236,99.29660710875237,118.68506546630769
2017-12-12,89.3448213823258,98.87035590488303,118.38850683010833
2017-12-13,89.68754714852464,98.70413862230853,119.27614892913546
2017-12-14,89.6032329693762,98.50238227850569,118.78211342283933
2017-12-15,88.85767660021692,97.98499125239778,118.48103205204441
2017-12-18,89.11366941331667,98.16315525231175,118.21965195697425
2017-12-19,88.54318110508662,97.6389518248304,117.62495182674958
2017-12-20,88.21171285973234,97.68268179978807,117.16235635962917
2017-12-21,88.03555562589557,97.62788141981264,117.23857467309945
2017-12-22,88.02423086447254,98.30994954951694,117.41947693883262
2017-12-26,88.02600000570212,99.03312531299765,117.4746656597609
2017-12-27,87.90352992580642,99.09732070116277,117.09273727253336
2017-12-28,87.72196310948053,99.24329530420138,116.57670481565732
2017-12-29,86.85329872057348,99.32235567616424,116.02081094947377
2018-01-02,86.83091185417456,99.99781999777872,115.50127170150365
2018-01-03,87.49529214416218,100.03266334154733,115.92424764448043
2018-01-04,87.64388315298454,100.33657013506081,115.37686116886817
2018-01-05,88.70208232202559,100.40166541652039,115.74325260731524
2018-01-08,89.11627665427754,100.9837863798112,116.34290846606459
2018-01-09,89.11627665427754,100.9837863798112,116.34290846606459
2018-01-11,89.21130805642431,100.70140230465296,115.63056756456244
2018-01-12,89.66838772210943,100.9630619874951,117.2415490828361
2018-01-16,90.12832164370707,101.38285777221144,117.83497071590641
2018-01-17,88.44623496490001,101.64894094415055,117.21398220045353
2018-01-18,89.15199648728307,102.06635941166056,117.665441392303
2018-01-19,88.85031777070762,101.5623051816499,117.50356852713435
2018-01-22,88.65482222159592,101.7355152269302,117.89466644879906
2018-01-23,88.93430793604449,101.48725212055666,118.17117059207655
2018-01-24,89.57663001558367,101.0849686809884,119.25597044672742
2018-01-25,89.00946072701659,101.74684441862523,119.19607901365025
2018-01-26,88.47821641976071,101.93592060966047,119.43015252227013
2018-01-29,88.7550647834577,102.24022485861671,119.09343421733121
2018-01-30,90.10635728262979,102.52938167349483,119.38664135448714
2018-01-31,90.26953101468348,102.93148426791251,119.39037240641129
2018-02-01,90.26953101468348,102.93148426791251,119.39037240641129
2018-02-02,92.23270498461292,103.72297963577488,118.87630200720665
2018-02-05,95.79691617790684,102.42551364464485,117.92162663657406
2018-02-06,93.6449783478501,103.69313940556643,117.8914875496521
2018-02-07,94.43414866500942,104.19255983119696,118.97773494798142
2018-02-08,98.22682315226339,104.01864891019873,118.86008768228902
2018-02-09,99.54651079235296,103.80983859206731,118.87477052699039
2018-02-12,98.18725643055629,103.67219785009588,119.26160674738412
2018-02-13,98.50858879082392,103.6414972060535,119.79360634755139
2018-02-14,98.28827713839881,102.82766585932927,120.69085260068766
2018-02-15,97.51419640440609,103.05706005395466,121.18175173997604
2018-02-16,96.65401876394793,102.74131741506447,120.14820213645791
2018-02-20,97.09477443541462,103.52970546031473,119.50026524976295
2018-02-21,97.32804770180284,103.43972852167104,118.93689770811203
2018-02-22,97.04713880868789,103.24837245042255,119.34132671700809
2018-02-23,95.41600851621888,103.21408010990311,118.95399049024007
2018-02-26,94.08388060078164,103.01305625774198,119.10350479161046
2018-02-27,94.54043515741282,103.49713714985462,118.24594312937933
2018-02-28,95.65951299927615,103.170060628848,117.93845156970671
2018-03-01,97.8252639126502,103.88359377717781,118.62475924929824
2018-03-02,98.50315445961512,103.8559560943111,119.29414764884002
2018-03-05,97.30533643965109,104.22287664351938,119.17756055825129
2018-03-06,97.80236045494004,103.6596616827415,119.90935026955212
2018-03-07,98.18261170965089,104.41601637509066,119.94523278337076
2018-03-08,97.01861464997884,103.86068038240882,119.02879493041183
2018-03-09,95.26172066984047,103.6660087341901,118.95677434864646
2018-03-12,96.05976670939482,103.95778914000462,119.21717915709577
2018-03-13,97.14557716135091,104.16093743326749,119.7717328511702
2018-03-14,97.94144447778709,104.10623690857436,119.80504381577187
2018-03-15,96.98058847835681,104.26431864651546,119.11972779777498
2018-03-16,96.57783972445677,104.28459668979349,119.3521341399524
2018-03-19,98.22467166000226,104.45869586392448,118.93248310746915
2018-03-20,97.01054596983366,104.10794142983961,119.82010525894584
2018-03-21,97.94038504666392,103.26923667669712,118.88780422921177
2018-03-22,100.5367160393858,103.21658726351849,119.25942159046828
2018-03-23,102.72659535091054,102.2273552332791,118.83788811492897
2018-03-26,100.57712883660218,102.51020012558331,117.94541594807072
2018-03-27,101.68262998917592,102.81343135408845,118.2490750648551
2018-03-28,100.93768681827257,103.5635084598449,119.16968665134115
2018-03-29,99.79336776678092,103.45782650185657,119.23929089669903
2018-04-02,101.70933520502226,102.2424066471848,119.18829271079207
2018-04-03,99.76563445566534,102.62919968689803,119.62591534907097
2018-04-04,98.8726013018165,102.6614397946998,119.51629583253516
2018-04-05,97.5808910002309,102.85407110291322,119.83174046607083
2018-04-06,100.17861510177626,102.69825194131407,119.4237666337756
2018-04-09,100.31050202090785,102.77671430214578,119.07551370878507
2018-04-10,98.80553233625763,102.81553057760296,118.7932972914455
2018-04-11,99.7773372197584,101.85339310891956,118.7033582828267
2018-04-12,98.23858933704632,102.9151585852859,119.05699122109868
2018-04-13,98.76347468830863,102.08075189387813,118.97106310361137
2018-04-16,98.29463473350829,102.50517992517199,118.48446919063126
2018-04-17,97.36010042087278,102.30112268536006,118.57239315316949
2018-04-18,97.54298484197679,102.19075361069213,118.56549251704709
2018-04-19,97.64246274432203,102.24521678814921,118.8046397755689
2018-04-20,97.99271214808229,102.47098442551244,119.14210576139871
2018-04-23,97.41608840050601,102.69776360841726,119.952848060661
2018-04-24,99.2955549892062,102.4721888362485,119.74930295707057
2018-04-25,98.45945862377208,102.4249193632362,120.36234847217679
2018-04-26,97.00787238333204,102.4264389945651,120.94718210736598
2018-04-27,97.26817284229503,102.09562783886105,120.74208963296937
2018-04-30,97.44425209231308,102.32285905093104,121.26192641562497
2018-05-01,97.01395130967937,102.50169634668872,122.31593044737124
2018-05-02,97.37621504082894,102.05390056432643,122.7051148421706
2018-05-03,97.09664845625264,102.29245844662599,123.08383433242422
2018-05-04,98.67567376918532,102.72261479762079,122.7956781985356
2018-05-07,99.3770125784072,103.02729677826933,122.37977929845748
2018-05-08,98.87933555469611,102.49053640693502,122.96175850255585
2018-05-09,98.02997087170604,102.52717884166734,123.07215964825683
2018-05-10,98.2860229735888,102.66629434778133,123.74134396872951
2018-05-11,98.41881125489128,102.24734356731524,124.00689251895622
2018-05-14,98.8216728718321,101.93439775758642,123.86523599285219
2018-05-15,98.79288606806705,100.90476437479471,123.00847775563547
2018-05-16,99.29451652509483,101.17680556012722,122.69595621662218
2018-05-17,99.1834269699544,101.2930272038602,122.57702574102136
2018-05-18,99.3816738370993,101.6678430982509,122.32938586283275
2018-05-21,100.4186880566411,101.46947555807411,122.51840292393587
2018-05-22,99.80212517605774,101.45812163966092,122.33662193206781
2018-05-23,100.71382874976938,102.34900571216211,121.42180682109945
2018-05-24,100.21306016353623,103.0342591572335,121.67615869480709
2018-05-25,100.56817818559894,103.45537693239575,120.89064442121307
2018-05-29,99.92903406734287,104.1713621609632,119.67930447770496
2018-05-30,100.1012930793728,105.08054452647967,120.906869088375
2018-05-31,98.84167235298501,105.56335446612928,121.25229259735698
2018-06-01,100.02057125676998,105.67214316762386,120.99535605532867
2018-06-04,100.40075426851271,106.145808292678,121.44901815594834
2018-06-05,100.1825775244342,105.95866192184059,121.61377774065181
2018-06-06,101.09879507488881,106.46262702016087,122.20022645588683
2018-06-07,101.25721262822557,106.63329186873598,122.46139719216414
2018-06-08,101.82606953215169,106.27081941230456,122.14696916150517
2018-06-11,101.71967211243127,106.21641472196394,122.29436354394161
2018-06-12,102.05107065213481,106.23410953598429,121.92894991922587
2018-06-13,101.17307405195496,106.37583804920102,122.34824771891785
2018-06-14,103.01747745356532,104.07985645470963,124.62412971966307
2018-06-15,102.29893542982089,106.31264062113615,124.18152956268152
2018-06-18,101.76499418855047,106.48302855384135,124.04263599954679
2018-06-19,100.88150993755295,106.48558445204421,124.47007669143746
2018-06-20,100.86494706502397,106.8889066207302,124.58931543577017
2018-06-21,99.78684228017266,107.24000054979676,124.27046148739589
2018-06-22,99.86855481398914,107.38855894792651,123.81019339353622
2018-06-25,98.08936803522639,108.28881220899399,123.25770581457283
2018-06-26,98.68412834141557,108.33560722998709,123.81745246832772
2018-06-27,98.80886459603849,108.03455247449578,124.83307183458119
2018-06-28,99.08361606333976,108.52785647974952,124.69601424961193
2018-06-29,98.332667933924,109.22156011820357,123.45232262944374
2018-07-02,98.85833076789638,109.72362409503425,124.01178742667912
2018-07-03,98.15977683463211,108.95961863120829,123.78506750575647
2018-07-05,98.61928826752363,108.81790429123792,123.46837905096123
2018-07-06,98.55946043772501,109.53666563325731,122.90652739112271
2018-07-09,99.80701618863921,109.39141163152455,122.85423119190939
2018-07-10,100.44317545469607,109.51245441665748,122.89488830325686
2018-07-11,100.72975840556381,108.97752025784042,122.16617350493944
2018-07-12,101.6624536511763,108.4823023338152,122.18710670807599
2018-07-13,101.93444512769392,108.86968593015513,122.03499469013182
2018-07-16,101.89086626601821,109.4073351732568,121.76406053745968
2018-07-17,102.55446038198505,110.1238179952402,122.28616010240893
2018-07-18,103.07307964514486,109.91835872869632,122.49294768798708
2018-07-19,102.49532725038468,110.35311648497353,122.51820185871284
2018-07-20,101.7525474180663,110.53715522629352,121.6854657841047
2018-07-23,101.9747227496602,110.68806902770227,121.68713408588434
2018-07-24,102.82348087276462,110.63890515367645,121.76345225856662
2018-07-25,103.15406906544631,110.39497988636043,121.48051272055213
2018-07-26,104.37793190429251,110.3867970334022,122.23984051261195
2018-07-27,103.94214961700554,110.3814055989984,122.06060478711468
2018-07-30,104.96380957051521,109.67065072960536,122.67648101816194
2018-07-31,104.96380957051521,109.67065072960536,122.67648101816194
2018-08-01,104.90592427698219,110.11476004236386,122.32513823146404
2018-08-02,105.55314857070368,110.14289122055683,121.3442630605238
2018-08-03,106.27766668614318,109.3353625235611,121.14164907903168
2018-08-06,106.57192929211764,109.85703868911945,120.98678211979089
2018-08-07,106.68600973237398,109.98149555575439,121.44814032364928
2018-08-08,106.39711872018054,109.8216598422011,121.59553278368384
2018-08-09,106.85108606249925,109.15937401690432,120.74446377193718
2018-08-10,107.08880892541781,108.24179038805426,119.37586961057764
2018-08-13,106.58614426054712,109.74002732574831,119.2570744533918
2018-08-14,107.68390952566088,109.04698897520719,118.62704256816227
2018-08-15,107.08918631243328,110.81348614617984,118.55857901189515
2018-08-16,108.46993913704914,111.19006908729149,118.94707279589123
2018-08-17,108.3582933431741,110.83265440785739,119.49485725303471
2018-08-20,108.31886841264814,110.67655004686281,119.89738360186007
2018-08-21,107.75110808369274,111.01952091481486,120.82749626326822
2018-08-22,107.14027908050592,111.28601962942905,121.13843859990831
2018-08-23,107.3489031237813,111.69402317473661,120.53200298145819
2018-08-24,107.14557732736156,110.6307883698606,121.39038106024779
2018-08-27,107.70382802156519,110.6105025546761,121.94037023080853
2018-08-28,107.60663693815178,111.71770227143595,122.12571540624707
2018-08-29,107.7460646733173,111.31183478891789,122.28332735535822
2018-08-30,107.50895111895832,111.5810809569099,122.01213090943702
2018-08-31,108.05636142658498,110.80803993173306,121.22933471078284
2018-09-04,108.19151166123726,111.5066119007824,121.10882376989811
2018-09-05,107.83843056701579,111.48127064771629,121.56854026510456
2018-09-06,107.99011485667214,111.11119481068935,121.43867979786378
2018-09-07,108.31288691291239,110.72209196642017,120.71100275958679
2018-09-10,107.6821949666061,111.21042665532252,121.16986922834133
2018-09-11,108.04507958943168,111.07365755311092,121.23879284248964
2018-09-12,107.97491565135401,110.55702757952328,121.4232177080823
2018-09-13,107.99122409355259,111.59709857343108,122.2083865263519
2018-09-14,108.63109760035859,111.59144364791806,121.54142475941781
2018-09-17,107.70931100943669,111.5311694281373,122.14481452540652
2018-09-18,108.62197522927353,111.66638347842144,122.03428294900633
2018-09-19,109.2229923434424,111.1947752367655,122.12949182437103
2018-09-20,109.28842205047249,111.88928831969365,123.19186656726949
2018-09-21,109.90443668742543,112.28599458369527,123.00517044092967
2018-09-24,109.16804587205715,112.37094897487957,122.9947001336058
2018-09-25,108.70520013077582,112.34748119204477,123.21784888457228
2018-09-26,108.5246737798852,112.71513975540253,122.84161804229954
2018-09-27,109.66496293743812,112.87106353929502,121.75796263583875
2018-09-28,110.09111362705309,111.74055060286418,121.44293047060725
2018-10-01,111.14278383527343,111.66735912932948,121.17832308795278
2018-10-02,111.94466344576672,110.02792502246949,120.81494833952519
2018-10-03,112.85642140124334,109.90611390948229,120.05385577990062
2018-10-04,111.66105489468777,110.0145838604622,120.59657979505363
2018-10-05,110.80819258888663,109.77019355244224,120.59677379477478
2018-10-08,111.28366786048815,110.88663118243392,120.26096655831176
2018-10-09,111.05716655549202,110.71923544313941,120.31460719251059
2018-10-10,107.29117331370242,110.53197375591667,120.58548151065413
2018-10-11,104.341923855432,108.53446039394038,121.24896763744071
2018-10-12,105.83918561202485,108.85061667961834,120.94332750570146
2018-10-15,105.29255704135898,108.13542370028244,121.07743782109982
2018-10-16,107.62360003217785,108.27473428597625,121.0573902871612
2018-10-17,107.92157440649532,107.82409768622612,120.2646666499759
2018-10-18,106.99434635590752,107.06038483406067,119.76867348458639
2018-10-19,106.69961428941454,107.56850433051413,120.37146469579649
2018-10-22,106.63038611328965,107.48604786172548,119.87061091196087
2018-10-23,106.03504516706514,106.83087387438671,119.86399615464127
2018-10-24,104.19339978738174,105.7848853968024,118.91231405582825
2018-10-25,106.05179185941638,105.76589533536158,118.56836054094383
2018-10-26,104.53702154429203,105.9091510737432,118.80454657519013
2018-10-29,103.77098321058962,105.98359076889605,118.4279347233675
2018-10-30,105.86446041594209,106.28287709060761,118.20650318653608
2018-10-31,107.20247506165406,106.68493564582732,117.92459407046641
2018-11-01,107.42185610150213,105.95683134319094,118.9014211384252
2018-11-02,107.14451224305745,105.817216029184,118.7005087662176
2018-11-05,107.77395974659393,106.11342971853313,118.84315518989841
2018-11-06,108.31762979372448,106.66902207518008,119.08264631385704
2018-11-07,110.63136821809607,106.72053671138936,119.0247988434074
2018-11-08,111.29114389126553,106.3467084576923,118.39664975420433
2018-11-09,110.69617881192042,107.34317578477365,118.11465349949687
2018-11-12,109.26898551707346,107.04621389698784,116.82470379233519
2018-11-13,108.141525556906,107.56406972202157,117.53123218292133
2018-11-14,107.07090407222613,106.98172936751766,117.7079478730162
2018-11-15,107.79061188222208,106.93296069681038,117.86381941786601
2018-11-16,107.49336656873827,106.87337626953779,118.70785893163355
2018-11-19,105.45898145389319,107.16675090922575,118.98665377306459
2018-11-20,103.89484529489116,106.59637236704769,118.19485252849337
2018-11-21,103.76304653625215,106.34575574453807,118.27766532976746
2018-11-23,103.43197901200432,106.16530174408113,117.80304206800356
2018-11-26,105.02424730032952,106.13742156306593,117.6548161881572
2018-11-27,105.85108866735989,106.41113337380392,117.24835522338282
2018-11-28,107.75801503505194,106.59446245798695,118.13513151631012
2018-11-29,107.3857157693234,106.58758672469297,118.2590079371599
2018-11-30,108.95853962659803,106.19522396674436,117.49632586393734
2018-12-03,109.8280751216127,105.66103397287101,117.80949438295116
2018-12-04,106.53197062132145,104.88222200352925,117.52373321739347
2018-12-06,105.90455780245426,105.23226302189468,117.71251308299176
2018-12-07,103.48726045490908,104.29868815526405,117.7952714859078
2018-12-10,103.84273866878706,104.49316814523388,117.40877168391475
2018-12-11,103.97438846154797,104.23501955188065,117.04296973150733
2018-12-12,103.78305458880551,103.9593971787302,116.41550253805649
2018-12-13,103.78305458880551,103.9593971787302,116.41550253805649
2018-12-14,102.18129678937855,103.70347856191644,115.5560302485123
2018-12-17,99.65925370458056,103.51775326211636,115.93070117093319
2018-12-18,99.89398214545238,103.3399129579062,115.88823962986419
2018-12-19,98.27912398337398,103.99986531031149,115.98785861338777
2018-12-20,95.73462565683434,103.24061413288668,116.60642605747302
2018-12-21,94.61153227199927,102.80964538039699,116.0092505421394
2018-12-24,91.58447643388307,102.11467803408644,116.35506103823202
2018-12-26,96.59844120374159,101.80609592422341,115.74279288198346
2018-12-27,97.03963079016702,101.80802591856673,116.56777650662819
2018-12-28,96.6008192239776,101.53403580052522,116.59573515441446
2018-12-31,97.51508398301003,101.59685382093933,116.82959770857435
2019-01-02,98.6517710058275,100.32710342899459,115.56284519463267
2019-01-03,95.44212108734968,100.01389361001773,116.06996668486713
2019-01-04,98.5758854037519,100.65857791545886,115.80613960522017
2019-01-07,98.30738777112357,101.10599654864433,116.70882709310906
2019-01-08,99.66394206005481,101.1148168503327,116.53316268908515
2019-01-09,99.16394152236204,101.37130895052171,117.63108123276554
2019-01-10,100.04659255022736,101.53580323426591,118.1561409807447
2019-01-11,100.29206046190878,100.97649683791872,118.52212000504689
2019-01-14,99.93216017346947,100.86145289267421,118.52212000504689
2019-01-15,101.07665344804376,100.5399677607252,119.05683179519531
2019-01-16,101.85867503887543,100.02968948731045,119.33886809670433
2019-01-17,102.57130394222,100.1286357693134,119.36248045023878
2019-01-18,104.2244809725302,100.67160088150216,119.58071119234042
2019-01-22,102.97822106611892,100.40075259735507,119.66719100772619
2019-01-23,103.50902505555614,100.7809485203112,119.42289810369124
2019-01-24,104.11919898562721,100.21390014161572,120.22061326064552
2019-01-25,103.9612113710526,99.24652984042967,119.24706767726293
2019-01-28,102.88450189832906,99.58102113314754,119.02530184080743
2019-01-29,103.05643774517817,98.98077270737605,118.9498699297724
2019-01-30,104.450457553666,98.77582350360632,118.47064097708838
2019-01-31,104.67881880454262,98.39916100324575,118.83292631520968
2019-02-01,104.87443378892377,98.71123637916436,118.90548626521036
2019-02-04,105.7748885220687,98.98572293610216,118.96797713726758
2019-02-05,106.79512644841493,98.47578831109301,119.27050153046822
2019-02-06,107.11917164491368,98.74981503144521,119.74806649148861
2019-02-07,106.38439145745878,98.30119221052037,119.89909812955783
2019-02-08,106.28595615721395,97.83078871387399,120.2549392912595
2019-02-11,106.50272902523841,97.88420165768119,120.75617928298438
2019-02-12,107.60973061210699,98.11666919139547,120.09722315351826
2019-02-13,108.7310779917234,97.89136573075251,120.79044040820068
2019-02-14,107.96291855766107,97.71533812441238,120.52149584377031
2019-02-15,109.83690369113019,96.98555149394046,120.54237584940968
2019-02-19,109.43519097219261,96.02270841936989,120.11906764519325
2019-02-20,109.7310079338461,96.17636973591009,120.15085078180782
2019-02-21,109.31139901719772,97.22379231314379,120.17204888533317
2019-02-22,110.0872440305192,96.79135730062416,120.18265074231466
2019-02-25,110.11813096100032,97.11960300016045,119.91574745857346
2019-02-26,109.67542138523393,97.28327562585743,119.57369993982826
2019-02-27,109.55169181977514,97.78796550073126,119.73433518603974
2019-02-28,109.25050923415077,98.28106896783929,119.67679342238615
2019-03-01,109.77349292314373,99.71766933402046,119.66942001029253
2019-03-04,109.14188607417279,100.0155079971581,119.82324702632842
2019-03-05,109.39554937487675,99.633484923382,120.16232943743934
2019-03-06,108.84066042392759,99.7523196203269,120.25963313764174
2019-03-07,109.0916904169503,98.79510052433055,121.49242985769693
2019-03-08,108.58578207095016,98.19288682017995,121.16513534093328
2019-03-11,109.34450614122761,98.65425313832202,121.04946198714973
2019-03-12,108.5193701903051,98.40468502285005,120.61202042657318
2019-03-13,108.77302720024134,98.17541066513161,120.2675329887999
2019-03-14,109.02424114978447,98.94879635908651,120.46494808075174
2019-03-15,109.40046383381943,98.66632735837034,120.19162065648817
2019-03-18,109.57012116983076,98.66291497144287,120.06714298716582
2019-03-19,109.312512006279,98.57788457257037,119.93203722473204
2019-03-20,108.13307150905898,98.6567422829586,119.22857465136828
2019-03-21,109.41770746215727,98.55755194366859,119.63739427607406
2019-03-22,108.16295563326632,97.6024411353993,120.6439288004377
2019-03-25,108.12882458467034,97.07854215948676,120.59241087975182
2019-03-26,109.16983200662564,97.13860383566377,120.95826590747103
2019-03-27,109.24641510371465,97.40422393511318,121.25039952710549
2019-03-28,109.86280138500987,98.63037615023242,121.72125180996302
2019-03-29,110.7947368780538,98.45415139654841,121.73791901763435
2019-04-01,112.25376769070884,98.76540902521018,121.696854492213
2019-04-02,112.00470532681399,98.32223226005495,121.61966513777953
2019-04-03,111.88197183496975,98.76803830994723,121.28981903177325
2019-04-04,112.71289487013775,98.48765052392551,121.34806858523578
2019-04-05,112.93563269370013,98.47805823329429,121.330672076137
2019-04-08,112.10698225351818,98.4547550444507,120.95884237539042
2019-04-09,111.29647249723844,97.95241937962794,120.93511099568171
2019-04-10,111.21585799826367,97.75609399318134,120.87243424814339
2019-04-11,111.36330027555233,96.78017435054112,121.08216766140546
2019-04-12,112.05219569382129,96.23031102022354,120.51825587262746
2019-04-15,111.88589032730529,96.00288884473021,120.31519448133179
2019-04-16,112.40248400843997,95.36506748300604,120.4420287003526
2019-04-17,112.5649835615007,95.70130687420597,120.70449966875107
2019-04-18,111.43253260792231,94.99982626364273,119.8596433470678
2019-04-22,111.90275983770606,95.28933910902504,120.13928887074898
2019-04-23,110.98862381353095,95.22730180561634,119.81036466218231
2019-04-24,110.52091460111961,94.36107934795447,118.95800793098795
2019-04-25,110.18725284486186,94.66054581846903,119.18036359083149
2019-04-26,110.33725258496304,95.16443560357631,119.05524563566063
2019-04-29,110.03784829027707,94.4049393116013,118.6827323514439
2019-04-30,109.91251892555766,94.42787996785547,118.37583986475717
2019-05-01,109.42514956678082,94.08922072618604,118.5767277673501
2019-05-02,109.15258229300944,93.84306384246521,118.8314575799545
2019-05-03,109.71527632261063,94.24556543951186,118.5555495698564
2019-05-06,109.43035637091414,94.38376116513152,118.54496330772855
2019-05-07,107.54779523728611,94.69674215450371,118.65300822627884
2019-05-08,107.54746317661227,94.42657476421013,118.65017322366855
2019-05-09,106.75251814548001,94.46834285846363,118.39909184665953
2019-05-10,107.05192110082308,94.46166323794579,118.21710484459166
2019-05-13,104.60672204914356,95.57328500888863,118.32523748532226
2019-05-14,105.63143049812248,95.50664314076646,118.51533515354218
2019-05-15,106.13964275293326,95.50054883009108,118.54707749846322
2019-05-16,107.28658814693209,95.00990365893053,118.88797929777768
2019-05-17,107.03048872406868,94.46659106433214,119.00392678439567
2019-05-20,106.6046821957246,94.42033806929629,118.8096797272188
2019-05-21,107.47239599221967,94.23051330459361,118.8862695825786
2019-05-22,107.15970476991542,94.22431913241978,119.05033154845106
2019-05-23,105.6763417811427,94.70911974148851,118.77467689636971
2019-05-24,105.86279905723818,94.63213237641922,118.60350367315917
2019-05-28,105.28248770679944,94.58273820062024,119.08385507414306
2019-05-29,104.63496525729624,94.8625138913573,119.58933735537916
2019-05-30,104.834825756604,95.53716043437028,119.51710218299819
2019-05-31,102.98672880415927,96.44566033866299,119.2291571364307
2019-06-03,102.34663184891956,97.27607085828646,118.41908318679167
2019-06-04,104.35744001056317,97.1963720488826,118.40374348292531
2019-06-05,105.50246181716524,97.81783610096886,118.97099680057332
2019-06-06,105.73228463504137,97.70730447498629,118.33674081998514
2019-06-07,106.26796682889031,97.60986683389548,117.66981650026999
2019-06-10,106.79729439389827,96.86026017494132,117.99855974020599
2019-06-11,106.60729013316127,96.65748520727851,117.76060602799501
2019-06-12,106.79626617265545,97.48415733082645,118.15980333251174
2019-06-13,107.31950255326105,98.21803739137054,118.25194477093169
2019-06-14,107.89965099165248,98.76903049602844,119.09347856720291
2019-06-17,107.89817309213713,98.53094495869453,118.92532701988927
2019-06-18,109.59128828447216,99.25445887601086,119.21912960551865
2019-06-19,109.43770075129183,99.98358249731106,118.96446615475702
2019-06-20,109.8111642778531,101.44047685227684,118.47418396401537
2019-06-21,108.93830698909811,101.57444768490876,117.68984811018007
2019-06-24,108.68580080161648,102.76126458196508,117.29622974958419
2019-06-25,108.26052354787068,103.32057134080253,117.64937924628704
2019-06-26,108.1949990016306,102.25445066770251,117.58280868488659
2019-06-27,108.15324882999074,102.31105710597137,117.54458031871035
2019-06-28,108.41428738703388,102.25838749312237,117.58731151785322
2019-07-01,109.73248374659774,101.19269323196781,118.39362806356503
2019-07-02,110.02665281136242,103.72111870511272,118.38101155058575
2019-07-03,110.83196037818807,103.79500659277444,118.64717208934641
2019-07-05,111.17406385118504,102.86426567549375,119.22286451150751
2019-07-08,110.80371072070625,102.67675117902138,119.19253652759522
2019-07-09,110.76935313860254,102.88483618659484,119.20981108729332
2019-07-10,110.66204523522866,104.06169250582678,118.60741384278413
2019-07-11,111.5711443867755,102.91884749847392,118.65303445310819
2019-07-12,112.41610863396295,103.64685951444106,118.29947488189906
2019-07-15,112.64763804349407,103.63861121220084,118.42557131986167
2019-07-16,113.02260424162893,103.49169490212977,118.96081528981004
2019-07-17,112.41354526938517,104.86701884968419,118.82303102406095
2019-07-18,111.89804508042624,105.80306258220602,118.35707937591548
2019-07-19,112.172403398948,104.80682019607156,118.95550376804297
2019-07-22,112.36568755401436,104.88295500128338,119.11387299645432
2019-07-23,113.6769159595492,104.89744108550573,119.79283674214136
2019-07-24,113.46973600143686,105.60517201354156,119.91407465793077
2019-07-25,112.86209276312869,104.70393548333477,119.88555967017297
2019-07-26,113.26919050378099,105.20300982819764,120.08244158738376
2019-07-29,113.21661391119818,105.62738329720621,119.86807674727322
2019-07-30,113.01817478778838,105.83446825217987,119.82295872886174
2019-07-31,112.42753059195896,105.31552083185042,120.70114442014153
2019-08-01,111.1618409577915,107.56716893328878,120.39926571611973
2019-08-02,110.52101004997012,107.0213351491121,120.43168096755515
2019-08-05,106.40916628890206,107.79813076149262,119.65096363625462
2019-08-06,107.73764791939023,108.62641880968945,119.66265300302831
2019-08-07,107.64472610616468,110.59646156478712,119.83341115092134
2019-08-08,109.36636145567512,110.76891836207712,120.05261348812085
2019-08-09,108.79547856273253,110.27644703502095,120.08658713263931
2019-08-12,107.08862712103658,111.18428074759403,119.93666629976461
2019-08-13,109.04666722945542,110.89952102385035,120.53839421249378
2019-08-14,106.02881529650344,112.31806400467212,120.75201540035658
2019-08-15,106.7515001444131,113.15644958647651,121.23295234966851
2019-08-16,108.19673203213205,112.60303891758647,121.37176373252468
2019-08-19,109.35907955404753,111.41418842882915,121.50323702777564
2019-08-20,108.41842705215518,112.03182223537746,121.31723652313329
2019-08-21,109.5699388912319,111.84475732961045,121.48924213493831
2019-08-22,109.82650939116712,111.55343322922523,121.58329127805493
2019-08-23,106.60300283101422,113.05246870619882,120.79143785469404
2019-08-26,108.13330998278555,113.50616893850307,121.60073393156455
2019-08-27,107.74486058883149,114.78215978146414,121.59906635753232
2019-08-28,108.94195014488322,114.62347594380206,121.75432540910525
2019-08-29,110.51614810649545,113.99199706927055,122.079904204595
2019-08-30,111.44408351387686,114.22579830143049,122.84239554353512
2019-09-03,110.32041054456052,116.31799929452974,122.94778888072953
2019-09-04,110.70799948341863,116.08249965416219,122.3154125175528
2019-09-05,112.27346795153854,113.57774055563753,122.12636242092597
2019-09-06,112.62584689952119,112.72460769476746,122.09822517062103
2019-09-09,112.5918001613929,111.95645099225553,121.93545142657936
2019-09-10,112.9530601706838,111.00970005050698,121.74664800611164
2019-09-11,114.24987430185874,112.19822666423448,121.89839192898997
2019-09-12,113.87221138857447,111.79413739977876,121.37103766184316
2019-09-13,113.94512196491459,110.91385119196265,120.87514688518871
2019-09-16,114.08960284250743,112.3822668826176,121.66625774563171
2019-09-17,113.49000322439214,111.8713347413817,120.85159672018966
2019-09-18,114.08490508672789,111.75541570050696,121.60643537688806
2019-09-19,113.75171538016357,112.01995861335425,121.84742962789659
2019-09-20,113.32750674865589,113.60229241308656,122.08130851280386
2019-09-23,113.63783616427696,114.25110130781869,122.3478373406313
2019-09-24,112.76119490803752,114.69218059169317,122.28470831723287
2019-09-25,114.24482985895277,113.40164855818857,123.39140263961106
2019-09-26,114.1371591158235,113.68524356860532,123.55241817014347
2019-09-27,113.63865237295457,112.90180176413817,123.29016607697143
2019-09-30,114.47689309288647,111.4703063822823,123.63432993824152
2019-10-01,112.66330008734874,111.62550250020503,122.55019482336769
2019-10-02,110.30476007342868,112.88976134703002,122.64810103982519
2019-10-03,110.76191842656291,113.2599020349801,122.88222875858486
2019-10-04,112.19413244311555,113.07564769085208,122.8363757686533
2019-10-07,111.87160424117499,112.31881301746589,122.99725480768834
2019-10-08,110.68626118232365,113.36669251193028,122.9243494007314
2019-10-09,111.31385217074535,113.22653854349255,122.82294795341308
2019-10-10,111.60453057790771,112.00854015677895,122.42768874864804
2019-10-11,112.57355586981659,111.26110399457498,121.71044122237109
2019-10-14,112.60381764888062,111.72670951561385,121.87600362541232
2019-10-15,113.54014526101807,110.7536036723033,121.69942542837488
2019-10-16,113.04467490613928,111.04309920943982,121.17654234493511
2019-10-17,112.60570644667452,110.64313035169305,120.56018503802822
2019-10-18,111.12088069652333,110.09252157580387,120.05226049386434
2019-10-21,111.52909486831567,109.84968802682485,120.11056631307609
2019-10-22,111.61497515951973,110.33238295669643,120.3804776980493
2019-10-23,111.75578589837151,110.61195812610707,120.3810673857933
2019-10-24,111.89882353335716,111.75220505345652,120.71773645685882
2019-10-25,112.77931444164938,112.04267001300965,120.88507777155432
2019-10-28,113.13009293850504,110.93989849026224,120.51847857545971
2019-10-29,112.92741298580049,110.4644315513144,120.20841144981436
2019-10-30,113.01161841709722,110.66557796451829,119.86594068876809
2019-10-31,112.41766263398061,111.93780593439224,119.99549233165892
2019-11-01,113.52679027924839,111.89721146316232,120.19535152589823
2019-11-04,114.39244971401202,111.94418796166701,120.60579575289178
2019-11-05,115.06761922017313,110.52728710056736,120.7826806797825
2019-11-06,115.16091072953523,111.13611309429366,120.36248211041291
2019-11-07,116.09213229974428,109.64763058945411,120.51316344405384
2019-11-08,116.45639654267373,109.25618132496388,120.63438645357238
2019-11-11,116.34113100167356,108.87282424991014,120.55704071373039
2019-11-12,116.59475868302883,109.14464569954347,120.48034452330738
2019-11-13,117.00380089546287,109.70868083093742,120.65228149162444
2019-11-14,116.83771371727323,110.14475933364115,120.75622090225936
2019-11-15,117.46618584633138,109.61755024251221,120.3842730224977
2019-11-18,117.37455458810796,109.6555541581491,120.31295830489998
2019-11-19,116.8833509698522,109.6669179460892,120.28702768071045
2019-11-20,116.46338705630609,109.65310242494549,120.48264413520437
2019-11-21,116.38113070978105,109.25474837318058,120.58800764581324
2019-11-22,117.24224025413982,109.44579221047235,120.79872619732772
2019-11-25,118.11996145422303,109.0156913814137,120.91496093297681
2019-11-26,118.27714550959007,109.40536570045228,120.92491969557511
2019-11-27,118.6920712739932,109.10285146588362,121.35646038559963
2019-11-29,118.01372071992164,109.62910509672417,120.83161748236968
2019-12-02,116.24111762309124,108.9108100248063,119.85249707196384
2019-12-03,115.03751663664703,110.0107610444958,119.64749093683751
2019-12-04,115.69401539696757,109.82555759349907,119.83977650146709
2019-12-05,115.54004487146186,109.67317029408751,119.61396881271014
2019-12-06,117.41322176842692,108.92856634118168,119.81475421617804
2019-12-09,116.92894203490101,109.00179023595707,119.6221648689181
2019-12-10,116.517263335457,108.92821499788363,119.42207353740173
2019-12-11,116.24264288132073,109.33394418748675,118.78004761064815
2019-12-12,117.16200397937247,108.95736003387935,119.00653333493698
2019-12-13,117.27070054401082,109.5300024940608,119.05594587391234
2019-12-16,117.44673636426863,109.29283887902534,118.81022739265785
2019-12-17,117.51353340427475,109.23698649980415,118.59037676085636
2019-12-18,117.77789883933845,109.52994762202448,119.05272066525677
2019-12-19,118.26699234183694,109.70338907504038,118.8264081650293
2019-12-20,119.0528993107179,110.08597795114272,119.09145411464642
2019-12-23,119.34866830750555,110.54994755243824,118.96838063108888
2019-12-24,119.19784977159752,111.56334129291585,119.00757427299143
2019-12-26,119.54366766819729,112.37392341857809,119.16953251582115
2019-12-27,118.79771645713508,111.50805039180024,118.25723887711185
2019-12-30,117.8063989790204,111.62789756222045,118.11806793799603
2019-12-31,117.97472739505737,111.64378251233695,117.9705915310459
2020-01-02,119.77836479994832,112.9293881382782,118.40353050820066
2020-01-03,118.92491082154503,114.74613452112692,118.5202260404639
2020-01-06,118.8261257589555,115.3749329792389,118.26337602766831
2020-01-07,118.79742142673675,116.46853069920193,118.57406511266666
2020-01-08,119.98464888760758,115.63830926729882,119.13355156736968
2020-01-09,120.85788010942905,115.32330419639575,119.02107712844322
2020-01-10,120.13996968299142,115.91114730214177,118.80582834056374
2020-01-13,120.34640784367721,114.70426467171255,118.66711127855304
2020-01-14,120.5471737319202,114.65563631561528,118.54362411566612
2020-01-15,120.68576141725752,115.1590279499805,118.40327650827543
2020-01-16,119.43185892846331,115.01637610476082,118.56490114432125
2020-01-17,120.12292611499959,114.19791755256259,117.9976832575
2020-01-21,119.60837156915531,114.36922739546783,117.79797851352708
2020-01-22,119.449780565262,114.30054642654427,117.93025902864193
2020-01-23,119.75285789486159,114.99952694579389,117.33041299967208
2020-01-24,119.37718833935173,115.94621409058053,117.04203183046937
2020-01-27,117.57192877830049,116.78666635504736,116.77073462455901
2020-01-28,118.31039300090183,115.65600783464996,116.84841760353184
2020-01-29,118.48717452858155,116.49574141719266,116.72873091104823
2020-01-30,118.76525893061162,116.07540819756095,116.77820936372892
2020-01-31,115.64261494002005,116.52821845238401,117.3519502779086
2020-02-03,116.57786060909102,115.96173340359582,116.94790436166456
2020-02-04,118.42323098084302,114.37607262963549,116.83974188341715
2020-02-05,120.90229538527497,115.07327343093569,116.49219866041183
2020-02-06,121.44599054946515,116.02892437402824,116.52879862723138
2020-02-07,120.70653320898016,116.70202698244711,115.96612949549122
2020-02-10,121.81902530098631,117.20386105926902,115.46455865659699
2020-02-11,121.76123058474208,116.83273887706736,115.51744641706628
2020-02-12,123.38000945194159,117.14710566882684,115.21546464997637
2020-02-13,123.21907848385555,118.24951370346486,114.89503940992351
2020-02-14,123.22708780840533,118.96400219339837,114.84926037944737
2020-02-18,122.97453515839547,120.71669305529333,114.21501399710947
2020-02-19,123.31331036262435,121.33104255515481,114.39723214503972
2020-02-20,123.00295313219502,122.14885131078717,114.2451271182945
2020-02-21,121.34739314272275,123.23917427240012,114.70464935070612
2020-02-24,116.95412640312144,124.35651099947597,114.77862507812962
2020-02-25,112.98414990600347,122.22462565339954,114.63968416362219
2020-02-26,112.47811435568248,122.67093604672792,114.71131886928266
2020-02-27,106.33626417478054,121.63228690892358,115.74806516412507
2020-02-28,104.62404617735292,116.98031699409567,115.70236659398233
2020-03-02,100.36265078706352,117.84106477147174,114.43875078860523
2020-03-03,103.65645244741526,114.45046926827429,113.95036465213256
2020-03-04,98.60325157690775,114.34802295056883,114.61895762212212
2020-03-05,102.98679805351712,112.93207805616183,113.41189445900547
2020-03-06,104.42283250387035,113.29485753427642,113.47518809110285
2020-03-09,113.94893926664106,114.4944663860165,112.32179699082761
2020-03-10,106.5822973037819,114.92781815032693,113.32186562574766
2020-03-11,112.7252932694468,115.81720445045579,113.60145678050834
2020-03-12,123.21370956769385,119.1401989421585,113.67264881266722
2020-03-13,110.73099557528532,121.8294134127127,114.00126362689298
2020-03-16,125.69994428892714,123.90152947958332,113.19689046736556
2020-03-17,116.93291185328917,120.62423022760487,114.87052414637985
2020-03-18,123.4793607691491,123.07774938455763,115.1190262610056
2020-03-19,119.71134302936055,121.76292952689496,116.71462190869278
2020-03-20,125.1109315259343,119.44800108770697,116.7583025306646
2020-03-23,129.3386163826413,115.5363628134658,116.66116257440737
2020-03-24,115.46703744923714,110.3510991684746,116.66613162169274
2020-03-25,113.72424916794834,112.33777137116654,115.58987388975197
2020-03-26,108.11874157399453,112.87559610134637,114.5436154185033
2020-03-27,113.52213234304777,114.19781272168836,113.22228745151307
2020-03-30,108.91210915158682,113.63613911930774,114.46766766102297
2020-03-31,110.74886438264338,116.64069443110536,114.52397391801078
2020-04-01,110.74886438264338,116.64069443110536,114.52397391801078
2020-04-02,107.15845125243403,113.8383748110364,115.65714560935128
2020-04-03,108.40856435208369,112.75404819120713,116.1685442640594
2020-04-06,99.94150379297633,109.87461180844821,115.91946936275811
2020-04-07,98.9190137757092,108.00740278515408,116.93534661154138
2020-04-08,98.9190137757092,108.00740278515408,116.93534661154138
2020-04-09,99.46588392275684,109.74604550762673,117.69800909554401
2020-04-13,98.23171532223688,111.97030410096849,117.45574918790186
2020-04-14,99.97467114413624,112.05185363281575,118.19243850203796
2020-04-15,98.7448952778307,112.12171311767175,117.50442980467466
2020-04-16,99.52347478363257,112.88977970953104,116.57461317871523
2020-04-17,96.87325016799457,115.53809050243692,116.0621420515955
2020-04-20,99.12597873179541,114.5178816611536,116.20104905276199
2020-04-21,101.73749114972861,115.11414708933513,116.1903830369651
2020-04-22,99.38239950293045,112.83240718444641,116.78837543305715
2020-04-23,98.79052298007886,111.26464831601962,117.27147602158531
2020-04-24,98.12271163867491,111.79580676871285,117.03361646028057
2020-04-27,99.54712873202539,110.72544293234625,117.01420612214437
2020-04-28,99.4968782989901,110.41668431387494,116.90154779821636
2020-04-29,101.19867427473218,110.24005098439989,117.47137967840628
2020-04-30,99.26633401067994,107.6964678421936,118.38881440101655
2020-05-01,96.50106164327583,108.32827038295002,118.80826884193934
