Date,Rev Mean_Renta Variable,Rev Mean_Materia Prima,Rev Mean_Renta Fija
2015-05-01,100.0,100.0,100.0
2015-05-04,100.0,100.0,100.0
2015-05-05,100.0,100.0,100.0
2015-05-06,100.0,100.0,100.0
2015-05-07,100.0,100.0,99.78839117687319
2015-05-08,100.0,100.0,99.04567405080823
2015-05-11,100.0,100.0,99.04567405080823
2015-05-12,100.0,100.0,99.95962500835255
2015-05-13,100.0,100.0,101.18077514507924
2015-05-14,100.0,100.0,101.56063660321153
2015-05-15,100.0,100.0,101.56063660321153
2015-05-18,100.0,100.0,101.56063660321153
2015-05-19,100.0,100.0,101.56063660321153
2015-05-20,100.0,100.0,101.56063660321153
2015-05-21,100.0,100.0,101.56063660321153
2015-05-22,100.0,100.0,101.56063660321153
2015-05-26,100.0,100.0,101.56063660321153
2015-05-27,100.0,100.0,101.56063660321153
2015-05-28,100.0,100.0,101.56063660321153
2015-05-29,100.0,100.0,101.56063660321153
2015-06-01,100.0,100.0,101.56063660321153
2015-06-02,100.0,100.0,99.48002906974439
2015-06-03,100.0,101.74971225124709,99.48002906974439
2015-06-04,100.0,102.12790988359042,99.48002906974439
2015-06-05,99.20120881273169,101.42280124530734,99.48002906974439
2015-06-08,101.20986915522133,102.83127942110771,99.48002906974439
2015-06-09,101.15241692855189,102.51909140831498,99.48002906974439
2015-06-10,101.15241692855189,102.51909140831498,99.48002906974439
2015-06-11,101.15241692855189,102.51909140831498,99.48002906974439
2015-06-12,101.15241692855189,102.51909140831498,99.48002906974439
2015-06-15,101.15241692855189,102.51909140831498,99.48002906974439
2015-06-16,101.15241692855189,102.51909140831498,99.11592843390034
2015-06-17,101.15241692855189,102.51909140831498,99.11592843390034
2015-06-18,101.15241692855189,102.51909140831498,99.11592843390034
2015-06-19,101.15241692855189,102.51909140831498,99.11592843390034
2015-06-22,101.15241692855189,102.51909140831498,99.11592843390034
2015-06-23,101.15241692855189,102.51909140831498,99.11592843390034
2015-06-24,101.15241692855189,102.51909140831498,99.11592843390034
2015-06-25,101.15241692855189,102.51909140831498,99.11592843390034
2015-06-26,101.15241692855189,102.51909140831498,99.11592843390034
2015-06-29,101.15241692855189,102.51909140831498,99.11592843390034
2015-06-30,101.15241692855189,102.51909140831498,99.11592843390034
2015-07-01,101.15241692855189,102.51909140831498,99.11592843390034
2015-07-02,101.15241692855189,102.51909140831498,99.11592843390034
2015-07-06,101.15241692855189,102.51909140831498,99.11592843390034
2015-07-07,101.15241692855189,102.51909140831498,99.11592843390034
2015-07-08,101.15241692855189,102.51909140831498,99.11592843390034
2015-07-09,101.15241692855189,102.04050304865405,99.11592843390034
2015-07-10,101.15241692855189,102.81732905266324,99.11592843390034
2015-07-13,101.15241692855189,101.83837742830086,99.11592843390034
2015-07-14,101.15241692855189,101.83837742830086,99.11592843390034
2015-07-15,101.15241692855189,101.87507754948155,99.11592843390034
2015-07-16,101.15241692855189,101.53480784375408,99.11592843390034
2015-07-17,101.15241692855189,102.11433491263733,99.11592843390034
2015-07-20,101.2772490064186,105.45771939339949,99.11592843390034
2015-07-21,101.2772490064186,106.06632158343928,99.11592843390034
2015-07-22,101.2772490064186,106.68362654859051,99.11592843390034
2015-07-23,101.2772490064186,107.56122806324134,98.57951315976464
2015-07-24,101.2772490064186,106.73186166733795,98.57951315976464
2015-07-27,101.2772490064186,108.22644330236929,98.57951315976464
2015-07-28,101.2772490064186,107.80368299511925,98.57951315976464
2015-07-29,101.2772490064186,106.92202118902898,98.57951315976464
2015-07-30,101.2772490064186,107.20580000725035,98.57951315976464
2015-07-31,101.2772490064186,107.02341063940189,98.57951315976464
2015-08-03,101.2772490064186,107.5738118073915,98.87890296180878
2015-08-04,101.2772490064186,106.80100509602491,99.67453499752128
2015-08-05,101.56824837889448,107.30739246354115,99.37203182124438
2015-08-06,102.44270334555118,107.0477720826916,99.37203182124438
2015-08-07,103.106675241702,107.0477720826916,99.37203182124438
2015-08-10,103.106675241702,107.0477720826916,99.37203182124438
2015-08-11,103.106675241702,107.0477720826916,99.37203182124438
2015-08-12,103.106675241702,107.4078457834479,99.37203182124438
2015-08-13,103.106675241702,107.4078457834479,99.37203182124438
2015-08-14,103.106675241702,107.4078457834479,99.37203182124438
2015-08-17,103.106675241702,107.4078457834479,99.37203182124438
2015-08-18,103.106675241702,107.4078457834479,99.37203182124438
2015-08-19,103.106675241702,108.02104693107913,99.37203182124438
2015-08-20,106.33041045356907,108.57513155678781,99.37203182124438
2015-08-21,110.95586630292486,107.99933220638846,99.37203182124438
2015-08-24,117.06779321797798,105.31753028091752,99.37203182124438
2015-08-25,117.55579676092505,104.90548335882616,99.37203182124438
2015-08-26,117.55579676092505,104.90548335882616,99.37203182124438
2015-08-27,117.55579676092505,104.90548335882616,99.37203182124438
2015-08-28,117.55579676092505,104.90548335882616,99.37203182124438
2015-08-31,117.55579676092505,104.90548335882616,99.37203182124438
2015-09-01,117.55579676092505,104.90548335882616,99.37203182124438
2015-09-02,117.55579676092505,104.90548335882616,99.37203182124438
2015-09-03,117.55579676092505,104.90548335882616,99.37203182124438
2015-09-04,117.55579676092505,104.90548335882616,99.37203182124438
2015-09-08,117.55579676092505,104.90548335882616,99.37203182124438
2015-09-09,117.55579676092505,104.90548335882616,99.37203182124438
2015-09-10,117.55579676092505,105.31156083879466,99.37203182124438
2015-09-11,117.55579676092505,106.11439979192781,99.37203182124438
2015-09-14,117.55579676092505,105.80714613482401,99.37203182124438
2015-09-15,117.55579676092505,105.71573391600595,99.37203182124438
2015-09-16,117.55579676092505,105.71573391600595,99.37203182124438
2015-09-17,117.55579676092505,105.71573391600595,99.37203182124438
2015-09-18,117.55579676092505,105.71573391600595,99.37203182124438
2015-09-21,117.55579676092505,105.71573391600595,99.37203182124438
2015-09-22,117.55579676092505,105.71573391600595,99.37203182124438
2015-09-23,117.55579676092505,105.71573391600595,99.37203182124438
2015-09-24,117.55579676092505,105.71573391600595,99.37203182124438
2015-09-25,117.55579676092505,105.71573391600595,99.37203182124438
2015-09-28,117.55579676092505,105.71573391600595,99.37203182124438
2015-09-29,117.55579676092505,105.71573391600595,99.37203182124438
2015-09-30,117.55579676092505,105.71573391600595,99.37203182124438
2015-10-01,117.55579676092505,105.71573391600595,99.37203182124438
2015-10-02,117.55579676092505,105.71573391600595,99.37203182124438
2015-10-05,117.55579676092505,105.71573391600595,99.68115746127862
2015-10-06,117.55579676092505,105.71573391600595,99.68115746127862
2015-10-07,117.55579676092505,105.71573391600595,99.68115746127862
2015-10-08,117.55579676092505,105.71573391600595,99.68115746127862
2015-10-09,117.55579676092505,105.71573391600595,99.68115746127862
2015-10-12,117.88174258035336,105.71573391600595,99.68115746127862
2015-10-13,117.32098977357452,105.71573391600595,99.68115746127862
2015-10-14,115.27929492325282,105.71573391600595,99.68115746127862
2015-10-15,117.65973671767081,105.71573391600595,99.68115746127862
2015-10-16,118.5648796648093,105.71573391600595,99.68115746127862
2015-10-19,118.88522459916571,105.71573391600595,99.68115746127862
2015-10-20,118.59363198443837,106.01195401091536,99.68115746127862
2015-10-21,118.33256401323078,105.27823787299208,99.68115746127862
2015-10-22,123.0376078890745,105.27823787299208,99.68115746127862
2015-10-23,125.1712615535694,105.27823787299208,99.68115746127862
2015-10-26,124.55133377035777,105.27823787299208,99.68115746127862
2015-10-27,124.33589124474116,105.27823787299208,99.68115746127862
2015-10-28,127.2102169018381,105.27823787299208,100.90357897203273
2015-10-29,126.41554318723895,105.27823787299208,100.42070908383388
2015-10-30,126.41554318723895,105.27823787299208,100.42070908383388
2015-11-02,127.4821704580985,106.13543235766232,100.42070908383388
2015-11-03,128.72899493842223,107.1415727070752,100.42070908383388
2015-11-04,129.52341069004913,107.13178592888956,100.42070908383388
2015-11-05,129.2791704830326,107.69318269563749,100.42070908383388
2015-11-06,131.34426322632527,107.65523160845832,100.42070908383388
2015-11-09,131.34426322632527,107.51767480043308,100.42070908383388
2015-11-10,131.89315392200587,107.49748735482783,100.42070908383388
2015-11-11,131.89315392200587,108.02341308038898,100.42070908383388
2015-11-12,131.89315392200587,108.83736751302257,100.42070908383388
2015-11-13,131.89315392200587,108.55302272855678,100.42070908383388
2015-11-16,131.89315392200587,107.78534856809279,100.42070908383388
2015-11-17,131.89315392200587,108.58518553495898,100.42070908383388
2015-11-18,131.89315392200587,108.7249864875847,100.42070908383388
2015-11-19,131.89315392200587,108.31685892381142,100.42070908383388
2015-11-20,131.89315392200587,107.84535692439759,100.42070908383388
2015-11-23,131.89315392200587,108.62815425655657,100.42070908383388
2015-11-24,131.89315392200587,108.04268357730912,100.42070908383388
2015-11-25,131.89315392200587,108.3052851160765,100.42070908383388
2015-11-27,131.89315392200587,109.3746080895603,100.42070908383388
2015-11-30,131.89315392200587,109.3746080895603,100.68685010175601
2015-12-01,131.89315392200587,109.3746080895603,100.68685010175601
2015-12-02,131.89315392200587,109.3746080895603,100.68685010175601
2015-12-03,131.89315392200587,109.3746080895603,100.68685010175601
2015-12-04,131.89315392200587,109.3746080895603,100.68685010175601
2015-12-07,131.89315392200587,109.3746080895603,100.68685010175601
2015-12-08,131.89315392200587,109.3746080895603,100.68685010175601
2015-12-09,131.89315392200587,109.3746080895603,100.68685010175601
2015-12-10,131.89315392200587,109.3746080895603,100.68685010175601
2015-12-11,131.89315392200587,109.3746080895603,100.68685010175601
2015-12-14,131.89315392200587,109.3746080895603,100.68685010175601
2015-12-15,131.89315392200587,109.3746080895603,101.39858580300273
2015-12-16,131.89315392200587,109.3746080895603,101.39858580300273
2015-12-17,131.89315392200587,109.3746080895603,101.39858580300273
2015-12-18,131.89315392200587,109.3746080895603,101.13563823608284
2015-12-21,131.89315392200587,109.3746080895603,101.13563823608284
2015-12-22,131.89315392200587,109.3746080895603,101.13563823608284
2015-12-23,131.89315392200587,109.3746080895603,101.13563823608284
2015-12-24,131.89315392200587,109.3746080895603,100.63136704726872
2015-12-28,131.89315392200587,109.3746080895603,100.65978969945755
2015-12-29,131.89315392200587,109.3746080895603,101.11581835355511
2015-12-30,131.89315392200587,109.3746080895603,100.9888095602521
2015-12-31,131.89315392200587,109.3746080895603,101.64892790666876
2016-01-04,131.89315392200587,109.3746080895603,101.98774124386821
2016-01-05,131.89315392200587,109.3746080895603,102.77532800635808
2016-01-06,131.89315392200587,109.3746080895603,102.50196775845015
2016-01-07,136.7339816462635,109.3746080895603,101.12680235961999
2016-01-08,137.99817515616002,108.99893128017766,101.28722014111183
2016-01-11,137.99817515616002,108.99893128017766,101.87485204726248
2016-01-12,137.99817515616002,108.99893128017766,101.91834830301642
2016-01-13,141.28200810361753,108.99893128017766,101.82204687479835
2016-01-14,139.13252161272564,108.99893128017766,101.85268530825148
2016-01-15,143.08814902703946,108.99893128017766,101.47862297113768
2016-01-19,142.7329698618754,108.99893128017766,101.57342252004916
2016-01-20,144.7222749281011,108.99893128017766,101.76172060095992
2016-01-21,143.44355612841986,108.99893128017766,101.85695101671578
2016-01-22,140.48933450593998,108.99893128017766,102.55854741226737
2016-01-25,142.98505728440364,108.99893128017766,102.08483766772805
2016-01-26,142.98505728440364,108.99893128017766,101.92169377645912
2016-01-27,142.98505728440364,108.99893128017766,101.72689395445406
2016-01-28,142.98505728440364,108.99893128017766,101.72689395445406
2016-01-29,142.98505728440364,108.99893128017766,103.36221358150532
2016-02-01,142.98505728440364,108.99893128017766,102.91679826669096
2016-02-02,142.98505728440364,108.74726628476171,102.62460843737807
2016-02-03,142.98505728440364,108.21575286599592,101.04646968639368
2016-02-04,142.98505728440364,108.42772148516755,100.20853208225743
2016-02-05,142.98505728440364,110.60204385680599,100.98672565750259
2016-02-08,142.98505728440364,111.74363076848036,100.6111007541178
2016-02-09,142.98505728440364,110.74482302259314,100.33968797142224
2016-02-10,142.98505728440364,111.49881269136701,100.11129646466335
2016-02-11,142.98505728440364,115.7987517345081,99.83721272445274
2016-02-12,142.98505728440364,115.67232415350794,99.83721272445274
2016-02-16,142.98505728440364,113.29292262979823,101.0274548743098
2016-02-17,142.98505728440364,114.21758242824076,101.0274548743098
2016-02-18,142.98505728440364,116.55176123638029,101.0274548743098
2016-02-19,142.98505728440364,115.9263143931714,101.0274548743098
2016-02-22,142.98505728440364,115.9263143931714,101.0274548743098
2016-02-23,142.98505728440364,117.78067637306758,101.0274548743098
2016-02-24,142.98505728440364,117.78067637306758,101.0274548743098
2016-02-25,142.98505728440364,117.78067637306758,101.0274548743098
2016-02-26,142.98505728440364,117.78067637306758,101.0274548743098
2016-02-29,142.98505728440364,117.78067637306758,101.0274548743098
2016-03-01,142.98505728440364,117.78067637306758,101.0274548743098
2016-03-02,143.27534991043433,117.78067637306758,101.0274548743098
2016-03-03,142.4864596821355,117.78067637306758,101.0274548743098
2016-03-04,142.39137023975866,117.78067637306758,101.0274548743098
2016-03-07,142.8370298706874,118.46778052543942,101.0274548743098
2016-03-08,142.8370298706874,118.46778052543942,101.30761774185925
2016-03-09,142.8370298706874,118.46778052543942,101.30761774185925
2016-03-10,142.8370298706874,118.46778052543942,101.30761774185925
2016-03-11,142.8370298706874,118.46778052543942,101.30761774185925
2016-03-14,143.65076214367917,118.46778052543942,101.30761774185925
2016-03-15,143.75983887751423,118.46778052543942,101.30761774185925
2016-03-16,142.8991227003741,118.46778052543942,101.30761774185925
2016-03-17,142.98605460399975,118.46778052543942,101.30761774185925
2016-03-18,144.58739354818562,118.46778052543942,101.30761774185925
2016-03-21,145.1380417759099,118.46778052543942,101.30761774185925
2016-03-22,145.10773446766905,118.46778052543942,101.30761774185925
2016-03-23,144.9127501076899,118.46778052543942,101.30761774185925
2016-03-24,145.11239214443185,118.46778052543942,101.30761774185925
2016-03-28,144.98980506138906,118.46778052543942,101.30761774185925
2016-03-29,144.57108345423177,118.46778052543942,101.30761774185925
2016-03-30,144.65395906766483,118.46778052543942,101.30761774185925
2016-03-31,143.8632736678558,118.46778052543942,101.30761774185925
2016-04-01,144.59928689501604,118.46778052543942,101.30761774185925
2016-04-04,144.14621414097874,118.46778052543942,101.30761774185925
2016-04-05,144.14621414097874,118.46778052543942,101.30761774185925
2016-04-06,144.14621414097874,118.46778052543942,101.30761774185925
2016-04-07,144.14621414097874,118.46778052543942,101.30761774185925
2016-04-08,144.14621414097874,118.46778052543942,101.30761774185925
2016-04-11,144.14621414097874,118.46778052543942,101.30761774185925
2016-04-12,144.14621414097874,118.46778052543942,101.30761774185925
2016-04-13,144.14621414097874,118.46778052543942,101.30761774185925
2016-04-14,144.14621414097874,118.46778052543942,101.30761774185925
2016-04-15,144.14621414097874,118.46778052543942,101.30761774185925
2016-04-18,144.14621414097874,118.46778052543942,101.30761774185925
2016-04-19,144.14621414097874,118.46778052543942,101.30761774185925
2016-04-20,144.14621414097874,118.46778052543942,101.89485058141216
2016-04-21,144.14621414097874,118.46778052543942,101.89485058141216
2016-04-22,144.14621414097874,118.46778052543942,101.89485058141216
2016-04-25,144.14621414097874,118.46778052543942,101.89485058141216
2016-04-26,144.14621414097874,118.46778052543942,101.89485058141216
2016-04-27,144.23749678003182,118.46778052543942,101.89485058141216
2016-04-28,144.23749678003182,118.46778052543942,101.89485058141216
2016-04-29,144.23749678003182,118.46778052543942,101.89485058141216
2016-05-02,144.23749678003182,118.46778052543942,101.89485058141216
2016-05-03,144.23749678003182,118.46778052543942,101.89485058141216
2016-05-04,144.23749678003182,117.93208534554252,101.89485058141216
2016-05-05,144.23749678003182,117.93208534554252,101.89485058141216
2016-05-06,144.23749678003182,118.98086348596065,101.89485058141216
2016-05-09,144.23749678003182,118.98086348596065,101.89485058141216
2016-05-10,144.23749678003182,118.98086348596065,101.89485058141216
2016-05-11,144.23749678003182,118.98086348596065,101.89485058141216
2016-05-12,144.23749678003182,118.98086348596065,101.89485058141216
2016-05-13,144.23749678003182,118.98086348596065,101.89485058141216
2016-05-16,144.23749678003182,118.98086348596065,101.89485058141216
2016-05-17,144.23749678003182,118.98086348596065,101.94677396410952
2016-05-18,144.23749678003182,118.98086348596065,102.7675289878195
2016-05-19,144.23749678003182,118.98086348596065,102.7675289878195
2016-05-20,144.23749678003182,118.98086348596065,102.7675289878195
2016-05-23,144.23749678003182,118.98086348596065,102.7675289878195
2016-05-24,144.23749678003182,118.98086348596065,102.7675289878195
2016-05-25,144.23749678003182,119.40131534567234,102.7675289878195
2016-05-26,144.23749678003182,120.26529973072883,102.7675289878195
2016-05-27,144.23749678003182,120.14728180395103,102.7675289878195
2016-05-31,144.23749678003182,120.03985211095714,102.7675289878195
2016-06-01,144.23749678003182,120.87066524780391,102.7675289878195
2016-06-02,144.23749678003182,120.6675628459577,102.7675289878195
2016-06-03,144.23749678003182,120.6675628459577,102.7675289878195
2016-06-06,144.23749678003182,120.6675628459577,102.7675289878195
2016-06-07,144.3438373290489,120.6675628459577,102.7675289878195
2016-06-08,144.4106805287733,120.6675628459577,102.7675289878195
2016-06-09,145.25844936243476,120.6675628459577,103.60071616507228
2016-06-10,145.25844936243476,120.6675628459577,104.37728130889761
2016-06-13,145.25844936243476,120.6675628459577,104.01194435792351
2016-06-14,145.25844936243476,121.75891523263908,104.80770210862006
2016-06-15,145.25844936243476,121.75416378450339,104.49227401543106
2016-06-16,145.25844936243476,120.87440415451837,104.82494853054664
2016-06-17,145.25844936243476,122.22000073376982,104.82494853054664
2016-06-20,145.25844936243476,120.99950981034094,104.82494853054664
2016-06-21,145.25844936243476,120.99950981034094,104.82494853054664
2016-06-22,145.25844936243476,120.99950981034094,104.82494853054664
2016-06-23,145.25844936243476,120.99950981034094,104.82494853054664
2016-06-24,145.25844936243476,120.99950981034094,104.82494853054664
2016-06-27,146.23915484838824,122.82986950779681,104.82494853054664
2016-06-28,146.23915484838824,122.82986950779681,104.82494853054664
2016-06-29,146.23915484838824,122.82986950779681,104.82494853054664
2016-06-30,146.23915484838824,122.82986950779681,104.82494853054664
2016-07-01,146.23915484838824,122.82986950779681,104.82494853054664
2016-07-05,146.23915484838824,122.82986950779681,104.82494853054664
2016-07-06,146.23915484838824,122.82986950779681,104.82494853054664
2016-07-07,146.23915484838824,122.93974972366708,104.82494853054664
2016-07-08,146.23915484838824,122.93974972366708,105.00027084853656
2016-07-11,146.23915484838824,122.93974972366708,104.88600335049956
2016-07-12,146.23915484838824,122.93974972366708,104.91899580540314
2016-07-13,146.23915484838824,122.93974972366708,104.60378306892733
2016-07-14,146.23915484838824,121.9314065101426,104.20614108409326
2016-07-15,147.44634483963802,121.9314065101426,104.20614108409326
2016-07-18,147.04472136948388,121.9314065101426,104.20614108409326
2016-07-19,147.97218256443725,121.9314065101426,104.20614108409326
2016-07-20,148.3401309685129,121.9314065101426,104.20614108409326
2016-07-21,147.5721175115847,121.9314065101426,104.20614108409326
2016-07-22,148.66009095174553,121.9314065101426,104.20614108409326
2016-07-25,147.7950270262215,121.9314065101426,104.20614108409326
2016-07-26,147.76165395771747,121.9314065101426,104.20614108409326
2016-07-27,146.7870043383379,121.9314065101426,104.20614108409326
2016-07-28,146.40972939325084,121.9314065101426,104.20614108409326
2016-07-29,146.40972939325084,121.9314065101426,104.20614108409326
2016-08-01,146.40972939325084,121.9314065101426,104.34953240772077
2016-08-02,146.40972939325084,121.9314065101426,105.53699886677316
2016-08-03,146.40972939325084,121.9314065101426,104.6445022287559
2016-08-04,146.40972939325084,121.9314065101426,104.60416204157167
2016-08-05,146.40972939325084,121.9314065101426,104.60416204157167
2016-08-08,146.40972939325084,121.9314065101426,104.60416204157167
2016-08-09,146.40972939325084,121.9314065101426,104.60416204157167
2016-08-10,146.40972939325084,121.9314065101426,104.60416204157167
2016-08-11,146.40972939325084,121.9314065101426,104.60416204157167
2016-08-12,146.40972939325084,121.9314065101426,104.60416204157167
2016-08-15,146.40972939325084,121.9314065101426,104.9889640253747
2016-08-16,146.40972939325084,121.9314065101426,105.76320349506238
2016-08-17,146.40972939325084,121.9314065101426,105.98243010405629
2016-08-18,146.40972939325084,121.9314065101426,105.98243010405629
2016-08-19,146.40972939325084,121.9314065101426,105.98243010405629
2016-08-22,146.40972939325084,121.9314065101426,105.98243010405629
2016-08-23,146.40972939325084,121.9314065101426,105.98243010405629
2016-08-24,146.40972939325084,122.71631597843756,105.98243010405629
2016-08-25,146.40972939325084,122.71631597843756,105.98243010405629
2016-08-26,146.40972939325084,122.71631597843756,105.98243010405629
2016-08-29,146.40972939325084,122.71631597843756,105.98243010405629
2016-08-30,146.40972939325084,123.35221182454411,105.98243010405629
2016-08-31,146.40972939325084,123.71910293345228,105.98243010405629
2016-09-01,146.40972939325084,123.71910293345228,105.98243010405629
2016-09-02,146.40972939325084,123.71910293345228,105.98243010405629
2016-09-06,146.40972939325084,123.71910293345228,105.98243010405629
2016-09-07,146.40972939325084,123.71910293345228,105.98243010405629
2016-09-08,146.40972939325084,123.71910293345228,105.98243010405629
2016-09-09,149.1904917620554,123.71910293345228,105.98243010405629
2016-09-12,149.1904917620554,123.71910293345228,105.98243010405629
2016-09-13,149.1904917620554,123.71910293345228,105.98243010405629
2016-09-14,149.1904917620554,123.71910293345228,105.98243010405629
2016-09-15,149.1904917620554,123.71910293345228,105.98243010405629
2016-09-16,149.1904917620554,123.71910293345228,105.98243010405629
2016-09-19,149.1904917620554,123.71910293345228,105.98243010405629
2016-09-20,149.1904917620554,123.71910293345228,105.98243010405629
2016-09-21,149.1904917620554,123.71910293345228,105.98243010405629
2016-09-22,149.1904917620554,123.71910293345228,105.98243010405629
2016-09-23,149.1904917620554,123.71910293345228,105.98243010405629
2016-09-26,149.1904917620554,123.71910293345228,105.98243010405629
2016-09-27,149.1904917620554,123.71910293345228,105.98243010405629
2016-09-28,149.1904917620554,123.71910293345228,106.10978601126554
2016-09-29,149.1904917620554,123.71910293345228,106.0277018912629
2016-09-30,149.1904917620554,123.71910293345228,105.92587717512417
2016-10-03,149.1904917620554,123.71910293345228,105.92587717512417
2016-10-04,149.1904917620554,127.71549671764674,105.92587717512417
2016-10-05,149.1904917620554,127.88697293930137,105.92587717512417
2016-10-06,149.1904917620554,128.53259299494303,105.92587717512417
2016-10-07,149.1904917620554,128.8309219881518,105.92587717512417
2016-10-10,149.1904917620554,127.8489947343017,105.92587717512417
2016-10-11,149.1904917620554,127.56648810416667,105.92587717512417
2016-10-12,149.1904917620554,126.77124117878492,105.92587717512417
2016-10-13,149.1904917620554,127.04754068016236,105.92587717512417
2016-10-14,149.1904917620554,126.793292142918,105.92587717512417
2016-10-17,149.1904917620554,126.62876979056094,105.92587717512417
2016-10-18,149.1904917620554,125.73798174714304,105.76356238753858
2016-10-19,149.1904917620554,124.98707895897186,105.66821371670592
2016-10-20,149.1904917620554,124.81556074347473,105.21216424222379
2016-10-21,149.1904917620554,124.2301978186462,104.81889934071927
2016-10-24,149.1904917620554,124.2301978186462,104.8479726777386
2016-10-25,149.1904917620554,124.2301978186462,104.8479726777386
2016-10-26,149.1904917620554,124.2301978186462,104.8479726777386
2016-10-27,149.1904917620554,124.2301978186462,104.8479726777386
2016-10-28,149.1904917620554,124.2301978186462,104.8479726777386
2016-10-31,149.1904917620554,124.2301978186462,104.8479726777386
2016-11-01,149.1904917620554,124.46043255189986,104.8479726777386
2016-11-02,149.1904917620554,124.8068403010726,104.8479726777386
2016-11-03,149.1904917620554,125.2946733866636,104.8479726777386
2016-11-04,149.1904917620554,125.11606085873852,104.8479726777386
2016-11-07,149.1904917620554,125.11606085873852,104.8479726777386
2016-11-08,149.1904917620554,125.11606085873852,104.8479726777386
2016-11-09,149.1904917620554,125.11606085873852,104.8479726777386
2016-11-10,151.17712783022318,125.11606085873852,104.8479726777386
2016-11-11,152.0272219233512,125.11606085873852,104.8479726777386
2016-11-14,153.86950078053422,125.11606085873852,103.83579063200771
2016-11-15,154.52875727409398,125.11606085873852,103.8900652584517
2016-11-16,154.52704828469936,125.11606085873852,103.87204438023639
2016-11-17,155.76630224524837,125.23138020991091,103.03516811736927
2016-11-18,156.02854987910547,125.66325053819963,102.9466868208088
2016-11-21,156.1431699812408,125.50277832145217,103.26474704255246
2016-11-22,156.7407561032951,125.66482218863158,103.22872884914155
2016-11-23,158.3319487506902,127.28883249120076,102.50486587796401
2016-11-25,158.36387060790975,128.22972497083035,102.90089079616926
2016-11-28,157.54342403809002,127.40332421426396,102.98623905522469
2016-11-29,157.20572933153983,128.4390708294598,103.31391571348794
2016-11-30,158.12771568503626,129.3417524950927,102.76704384151017
2016-12-01,157.62113703839321,130.38062202690628,103.5017674364903
2016-12-02,157.4001855237622,129.7787579283935,103.5017674364903
2016-12-05,156.3106156382928,131.7542784032244,103.5017674364903
2016-12-06,157.2718103298847,131.24872965056153,103.5017674364903
2016-12-07,159.18510301080568,131.2140838549436,103.5017674364903
2016-12-08,161.79230252478314,129.87054817366544,103.5017674364903
2016-12-09,163.79717545038176,130.4240115215809,103.5017674364903
2016-12-12,162.98330972627025,131.067991380834,103.5017674364903
2016-12-13,164.06713325288817,131.3723386981325,103.5017674364903
2016-12-14,164.48234855521736,132.0330625802058,103.5017674364903
2016-12-15,166.9112816848469,132.17510813562686,103.5017674364903
2016-12-16,166.24638350747327,131.89844237608955,103.97152617567168
2016-12-19,167.36325822674385,130.88827367660025,103.46080219515513
2016-12-20,168.3605491026737,131.38665231231377,103.23134020764101
2016-12-21,167.50477297805057,131.92597086298898,103.23134020764101
2016-12-22,167.10251265517354,132.466386295194,103.23134020764101
2016-12-23,166.92388669166525,132.1305612717865,103.41892584879875
2016-12-27,167.00195379830723,132.1305612717865,103.41892584879875
2016-12-28,167.00195379830723,132.1305612717865,102.89180786327367
2016-12-29,167.00195379830723,132.1305612717865,102.89180786327367
2016-12-30,167.00195379830723,132.1305612717865,102.89180786327367
2017-01-03,167.00195379830723,132.1305612717865,102.89180786327367
2017-01-04,167.00195379830723,132.1305612717865,102.89180786327367
2017-01-05,167.00195379830723,132.1305612717865,102.89180786327367
2017-01-06,167.00195379830723,132.22690370994414,102.89180786327367
2017-01-09,167.00195379830723,132.65298941184136,102.48312090183454
2017-01-10,167.00195379830723,133.6672947289526,102.70467951264652
2017-01-11,167.00195379830723,133.73334410741867,102.47384126981487
2017-01-12,167.00195379830723,133.76905663076,102.22211965024115
2017-01-13,167.00195379830723,133.6051218034432,102.22211965024115
2017-01-17,167.00195379830723,134.91931595182143,101.62852757752916
2017-01-18,167.00195379830723,134.5460957319988,102.38118700346745
2017-01-19,167.00195379830723,134.17837367430744,102.38118700346745
2017-01-20,167.00195379830723,134.29639738591035,102.38118700346745
2017-01-23,167.00195379830723,134.39556397318904,102.38118700346745
2017-01-24,167.00195379830723,133.79325833093048,102.38118700346745
2017-01-25,167.00195379830723,133.79325833093048,102.38118700346745
2017-01-26,167.00195379830723,133.79325833093048,102.38118700346745
2017-01-27,167.00195379830723,133.79325833093048,102.38118700346745
2017-01-30,167.00195379830723,133.79325833093048,102.38118700346745
2017-01-31,167.00195379830723,133.79325833093048,102.38118700346745
2017-02-01,167.00195379830723,133.79325833093048,102.38118700346745
2017-02-02,167.00195379830723,133.79325833093048,102.38118700346745
2017-02-03,167.00195379830723,133.79325833093048,102.38118700346745
2017-02-06,167.00195379830723,133.79325833093048,102.21090463826926
2017-02-07,167.00195379830723,133.79325833093048,102.21090463826926
2017-02-08,167.00195379830723,133.79325833093048,102.21090463826926
2017-02-09,167.00195379830723,133.79325833093048,102.21090463826926
2017-02-10,167.9939428540468,133.79325833093048,102.21090463826926
2017-02-13,169.89573773043688,133.79325833093048,102.21090463826926
2017-02-14,170.98623498893826,133.79325833093048,102.21090463826926
2017-02-15,171.50934343585882,134.1084623933417,102.21090463826926
2017-02-16,170.40175100632644,133.7677990460862,102.21090463826926
2017-02-17,171.3682958463607,134.0166679009246,102.21090463826926
2017-02-21,173.66537574517844,134.0166679009246,102.21090463826926
2017-02-22,173.57587064668147,134.0166679009246,102.21090463826926
2017-02-23,173.47162074819667,134.0166679009246,102.21090463826926
2017-02-24,173.87918321100253,135.07752563227518,102.55159260054057
2017-02-27,173.61565540991833,135.07752563227518,102.45518690213031
2017-02-28,173.58604896051773,135.07752563227518,102.55493893515377
2017-03-01,176.60007633026618,135.07752563227518,102.76180042446641
2017-03-02,176.32724203941856,135.07752563227518,103.18043469073153
2017-03-03,174.44097413789376,135.07752563227518,102.12437330893623
2017-03-06,174.67214927539638,135.07752563227518,102.50359702635168
2017-03-07,174.68970605321795,135.07752563227518,102.73380549254138
2017-03-08,174.68970605321795,135.07752563227518,102.91595890733213
2017-03-09,174.68970605321795,136.32494551575314,102.91595890733213
2017-03-10,174.68970605321795,136.32494551575314,102.91595890733213
2017-03-13,174.68970605321795,136.32494551575314,102.91595890733213
2017-03-14,174.68970605321795,136.2840796213528,102.91595890733213
2017-03-15,174.68970605321795,136.2840796213528,102.91595890733213
2017-03-16,174.68970605321795,136.2840796213528,102.91595890733213
2017-03-17,174.68970605321795,136.2840796213528,102.91595890733213
2017-03-20,174.68970605321795,136.2840796213528,102.91595890733213
2017-03-21,177.82736122788023,136.2840796213528,102.91595890733213
2017-03-22,177.65458786354446,136.2840796213528,102.91595890733213
2017-03-23,177.464569056555,136.2840796213528,102.91595890733213
2017-03-24,178.2246474166753,136.2840796213528,102.91595890733213
2017-03-27,179.70076831193572,136.6859045447544,102.91595890733213
2017-03-28,179.70076831193572,136.98522670446232,102.91595890733213
2017-03-29,179.70076831193572,137.77513693812708,102.91595890733213
2017-03-30,179.70076831193572,137.76418995583992,102.91595890733213
2017-03-31,179.70076831193572,138.77749050962748,102.91595890733213
2017-04-03,179.70076831193572,139.02027108309917,102.91595890733213
2017-04-04,179.70076831193572,139.27637655131218,102.91595890733213
2017-04-05,179.70076831193572,139.36234589031872,102.91595890733213
2017-04-06,179.70076831193572,139.36234589031872,102.91595890733213
2017-04-07,179.70076831193572,139.36234589031872,103.55474659397477
2017-04-10,179.70076831193572,139.36234589031872,103.55474659397477
2017-04-11,179.70076831193572,139.36234589031872,103.55474659397477
2017-04-12,179.70076831193572,139.87402380272312,103.55474659397477
2017-04-13,179.70076831193572,140.68388383413628,104.06902484875143
2017-04-17,179.70076831193572,139.93767970178084,103.94071970320306
2017-04-18,179.70076831193572,139.34866358605268,103.01610626845243
2017-04-19,179.70076831193572,139.34866358605268,103.30133924809675
2017-04-20,179.70076831193572,139.45449871294394,103.19570090705966
2017-04-21,179.70076831193572,139.58754498799084,103.06942223487927
2017-04-24,179.70076831193572,139.58754498799084,101.67435395520839
2017-04-25,179.70076831193572,139.58754498799084,101.18151170150199
2017-04-26,179.70076831193572,139.58754498799084,101.18151170150199
2017-04-27,179.70076831193572,139.58754498799084,101.18151170150199
2017-04-28,179.70076831193572,139.58754498799084,101.18151170150199
2017-05-01,179.70076831193572,139.58754498799084,101.18151170150199
2017-05-02,179.70076831193572,139.58754498799084,101.18151170150199
2017-05-03,179.70076831193572,141.0964729224094,101.18151170150199
2017-05-04,178.0266166506602,143.49849100137814,101.18151170150199
2017-05-05,178.0266166506602,143.68561628453128,101.18151170150199
2017-05-08,179.27814360877588,142.92196217634793,101.18151170150199
2017-05-09,179.7896344069371,142.85023872386688,100.74322499676681
2017-05-10,179.60871371866287,143.02066285935874,100.7544583280591
2017-05-11,179.52117588504245,142.2311752005936,100.75643089320313
2017-05-12,179.52117588504245,142.75092632918268,101.34846851168147
2017-05-15,179.52117588504245,143.04661186612566,101.74138584066803
2017-05-16,179.52117588504245,143.7016863281814,102.7796249042541
2017-05-17,183.9122794442548,143.7016863281814,103.47962055733443
2017-05-18,183.9122794442548,143.7016863281814,102.9853236859732
2017-05-19,183.9122794442548,143.7016863281814,103.89125277561742
2017-05-22,183.9122794442548,143.7016863281814,104.23288679344121
2017-05-23,183.9122794442548,143.7016863281814,103.70174379482063
2017-05-24,183.9122794442548,143.7016863281814,104.06882765044952
2017-05-25,183.9122794442548,143.7016863281814,103.97143834390744
2017-05-26,183.9122794442548,143.7016863281814,103.97143834390744
2017-05-30,183.9122794442548,143.7016863281814,103.97143834390744
2017-05-31,183.9122794442548,143.62028637747693,103.97143834390744
2017-06-01,183.9122794442548,143.62028637747693,103.97143834390744
2017-06-02,183.9122794442548,144.2697554620758,103.97143834390744
2017-06-05,183.9122794442548,144.6614526538099,103.97143834390744
2017-06-06,183.9122794442548,146.01221709817284,103.97143834390744
2017-06-07,184.56556039322624,146.01221709817284,103.97143834390744
2017-06-08,185.35062712480675,146.01221709817284,103.97143834390744
2017-06-09,186.4491446368233,146.01221709817284,103.97143834390744
2017-06-12,185.9980594839361,146.01221709817284,103.97143834390744
2017-06-13,186.6775666610883,146.01221709817284,103.97143834390744
2017-06-14,186.96423168204922,146.01221709817284,103.97143834390744
2017-06-15,188.05977999787456,146.01221709817284,103.97143834390744
2017-06-16,187.38332913609372,146.01221709817284,103.97143834390744
2017-06-19,189.480499953229,146.01221709817284,103.97143834390744
2017-06-20,189.19068646413902,146.01221709817284,103.97143834390744
2017-06-21,189.19068646413902,146.01221709817284,103.97143834390744
2017-06-22,189.19068646413902,146.01221709817284,103.97143834390744
2017-06-23,189.19068646413902,146.01221709817284,103.97143834390744
2017-06-26,189.5246431977475,147.2500897673921,103.97143834390744
2017-06-27,189.5246431977475,149.00309580173118,103.97143834390744
2017-06-28,189.5246431977475,149.2637956152621,103.97143834390744
2017-06-29,189.5246431977475,149.2637956152621,103.97143834390744
2017-06-30,189.5246431977475,149.2637956152621,103.97143834390744
2017-07-03,189.5246431977475,151.03734705021876,103.97143834390744
2017-07-05,189.5246431977475,150.03013237529328,103.97143834390744
2017-07-06,189.5246431977475,150.03013237529328,104.73479345529238
2017-07-07,189.5246431977475,151.306123227507,104.53269140669867
2017-07-10,189.5246431977475,151.306123227507,104.54226636422628
2017-07-11,189.5246431977475,151.306123227507,105.15526949990632
2017-07-12,189.5246431977475,151.306123227507,105.15526949990632
2017-07-13,189.5246431977475,151.306123227507,105.15526949990632
2017-07-14,189.5246431977475,151.306123227507,105.15526949990632
2017-07-17,189.5246431977475,151.306123227507,105.15526949990632
2017-07-18,189.5246431977475,151.306123227507,105.15526949990632
2017-07-19,189.5246431977475,151.306123227507,105.15526949990632
2017-07-20,189.5246431977475,151.306123227507,105.15526949990632
2017-07-21,189.5246431977475,151.306123227507,105.15526949990632
2017-07-24,189.5246431977475,151.61770155175344,105.15526949990632
2017-07-25,189.5246431977475,151.61770155175344,105.15526949990632
2017-07-26,188.96875980401322,151.7540281361132,105.15526949990632
2017-07-27,190.63934938818105,152.3278509591784,105.73896755497432
2017-07-28,189.7322451994251,152.62964553927205,105.05910354641546
2017-07-31,188.79869766798333,151.43290286051214,104.2309515475146
2017-08-01,190.06857216137206,151.8647548616897,104.2309515475146
2017-08-02,189.6535732058854,150.921656150292,104.2309515475146
2017-08-03,189.5147238480414,150.97572145167825,104.2309515475146
2017-08-04,191.6548804315069,150.97572145167825,104.2309515475146
2017-08-07,191.51915838120436,150.97572145167825,104.2309515475146
2017-08-08,191.9324363011738,150.97572145167825,104.2309515475146
2017-08-09,191.4999510693741,152.84108359273063,104.2309515475146
2017-08-10,191.4999510693741,153.7755363885364,104.2309515475146
2017-08-11,191.4999510693741,153.4690200425197,104.2309515475146
2017-08-14,193.35673718375432,153.14793047960796,104.2309515475146
2017-08-15,193.35673718375432,153.14793047960796,104.68626177919165
2017-08-16,193.35673718375432,153.14793047960796,104.47090362158404
2017-08-17,193.35673718375432,153.14793047960796,104.80734028542923
2017-08-18,193.35673718375432,153.14793047960796,104.54501107015466
2017-08-21,193.35673718375432,153.14793047960796,104.10862291645434
2017-08-22,193.35673718375432,153.14793047960796,104.55693142977371
2017-08-23,193.35673718375432,153.14793047960796,104.17916318776216
2017-08-24,193.35673718375432,153.14793047960796,104.34660200600213
2017-08-25,193.35673718375432,153.14793047960796,103.369044503576
2017-08-28,193.35673718375432,154.66176409062282,102.95573449397854
2017-08-29,193.35673718375432,154.66176409062282,103.07726364401083
2017-08-30,193.35673718375432,154.66176409062282,103.7650265328253
2017-08-31,193.35673718375432,154.66176409062282,103.517953235532
2017-09-01,193.35673718375432,155.76042675646212,104.02315885088967
2017-09-05,193.35673718375432,156.74863300404357,103.55167567328785
2017-09-06,193.35673718375432,156.06699411413626,103.55299155375492
2017-09-07,193.35673718375432,156.4301572609922,102.64002331748294
2017-09-08,193.35673718375432,155.95660218212566,102.6986210275017
2017-09-11,193.35673718375432,155.95660218212566,103.30936512025959
2017-09-12,193.35673718375432,156.27519482628134,103.30936512025959
2017-09-13,193.35673718375432,156.27519482628134,103.30936512025959
2017-09-14,193.19933931226126,156.27519482628134,103.30936512025959
2017-09-15,193.34195180647666,156.27519482628134,103.30936512025959
2017-09-18,193.7430515497972,156.27519482628134,103.30936512025959
2017-09-19,193.4380384598085,156.27519482628134,103.30936512025959
2017-09-20,195.4616474820814,156.27519482628134,103.30936512025959
2017-09-21,195.4616474820814,156.27519482628134,103.30936512025959
2017-09-22,195.4616474820814,156.27519482628134,103.30936512025959
2017-09-25,196.68892384767113,156.27519482628134,103.30936512025959
2017-09-26,197.50192303050585,156.27519482628134,103.30936512025959
2017-09-27,198.81089980518888,156.99468491179405,103.30936512025959
2017-09-28,198.47836434903334,156.98956121901068,103.88752845240575
2017-09-29,198.21931325955845,156.98956121901068,104.07167192135876
2017-10-02,200.94632200277624,156.97050047225827,103.47168787816577
2017-10-03,201.5063120333817,157.05213881918385,103.53418752280612
2017-10-04,201.42676909023427,156.85900967613136,103.53418752280612
2017-10-05,203.26756393311578,157.03519638642902,103.53418752280612
2017-10-06,202.9229896103023,157.03519638642902,103.53418752280612
2017-10-09,202.63796641496097,157.03519638642902,103.53418752280612
2017-10-10,202.08717055983237,157.03519638642902,103.53418752280612
2017-10-11,201.59010600119205,157.03519638642902,103.53418752280612
2017-10-12,201.8026199251166,157.03519638642902,103.53418752280612
2017-10-13,202.2449052079499,157.03519638642902,103.53418752280612
2017-10-16,203.41166493129847,157.03519638642902,103.53418752280612
2017-10-17,204.28989787038634,157.03519638642902,103.53418752280612
2017-10-18,205.34612197632907,157.03519638642902,103.53418752280612
2017-10-19,204.26791464711923,157.03519638642902,103.53418752280612
2017-10-20,206.9153653479255,157.03519638642902,103.53418752280612
2017-10-23,207.0454164983094,157.03519638642902,103.53418752280612
2017-10-24,208.32539127796463,157.03519638642902,103.53418752280612
2017-10-25,206.41474783955863,157.03519638642902,104.00364775056474
2017-10-26,209.92533601632476,157.03519638642902,104.00364775056474
2017-10-27,211.00307685884084,157.03519638642902,104.00364775056474
2017-10-30,209.45777591326998,157.03519638642902,104.00364775056474
2017-10-31,209.80348149494577,157.03519638642902,104.00364775056474
2017-11-01,210.81069127754392,157.03519638642902,104.00364775056474
2017-11-02,210.83390033967783,157.03519638642902,104.00364775056474
2017-11-03,211.9485041627152,157.03519638642902,104.00364775056474
2017-11-06,211.99508603798623,157.03519638642902,104.26206884690338
2017-11-07,212.49536233715963,157.03519638642902,104.46210515292555
2017-11-08,212.40400744618915,157.03519638642902,104.44537021576086
2017-11-09,212.40400744618915,157.03519638642902,103.99615530229751
2017-11-10,212.40400744618915,157.03519638642902,103.71547055874406
2017-11-13,212.40400744618915,157.03519638642902,103.71547055874406
2017-11-14,212.40400744618915,157.03519638642902,103.71547055874406
2017-11-15,212.40400744618915,157.03519638642902,103.71547055874406
2017-11-16,212.40400744618915,157.03519638642902,103.71547055874406
2017-11-17,212.40400744618915,157.03519638642902,103.64252277675142
2017-11-20,212.40400744618915,157.03519638642902,104.15292711798617
2017-11-21,212.40400744618915,157.03519638642902,104.14994001532838
2017-11-22,212.40400744618915,157.03519638642902,103.49892998532752
2017-11-24,212.40400744618915,157.03519638642902,103.49892998532752
2017-11-27,212.40400744618915,157.03519638642902,103.49892998532752
2017-11-28,212.40400744618915,157.03519638642902,103.49892998532752
2017-11-29,212.40400744618915,157.03519638642902,103.49892998532752
2017-11-30,214.3154698853949,157.03519638642902,103.49892998532752
2017-12-01,214.09945888299387,157.03519638642902,103.49892998532752
2017-12-04,215.15858420272315,157.03519638642902,103.49892998532752
2017-12-05,214.91391210616754,157.03519638642902,103.49892998532752
2017-12-06,215.10647633730895,157.03519638642902,103.49892998532752
2017-12-07,216.15675245345417,157.03519638642902,103.49892998532752
2017-12-08,217.20738325457506,156.87529300177292,103.49892998532752
2017-12-11,217.78910689605306,156.87529300177292,103.49892998532752
2017-12-12,219.3530610539444,156.20187339110964,103.49892998532752
2017-12-13,218.51162508983776,155.93927242552707,103.49892998532752
2017-12-14,218.71704522774536,155.6205245199277,103.49892998532752
2017-12-15,220.53691132754307,154.80311624002272,103.49892998532752
2017-12-18,221.17226289741438,154.80311624002272,103.49892998532752
2017-12-19,219.75636126393385,154.80311624002272,103.49892998532752
2017-12-20,218.9336863321721,154.80311624002272,103.49892998532752
2017-12-21,219.37089304007597,154.80311624002272,103.56625975006224
2017-12-22,219.34267349844677,154.80311624002272,103.56625975006224
2017-12-26,219.3470819228463,154.80311624002272,103.56625975006224
2017-12-27,219.0419055585194,154.80311624002272,103.56625975006224
2017-12-28,218.58946933135323,155.03114786875284,103.56625975006224
2017-12-29,218.58946933135323,155.1546506220498,103.56625975006224
2018-01-02,218.53312681681183,156.20981519315052,103.56625975006224
2018-01-03,220.20521684864622,156.26424510263183,103.56625975006224
2018-01-04,220.57918571620053,156.73898769253765,103.56625975006224
2018-01-05,223.24242589492695,156.84067512819348,103.56625975006224
2018-01-08,224.28485629907652,157.7500250329988,103.56625975006224
2018-01-09,225.76275579880814,157.24220556404146,103.36797595263097
2018-01-10,225.4067916119794,157.58087152166485,103.65511195691808
2018-01-11,225.6471598619164,157.14022327245073,103.65511195691808
2018-01-12,224.49104265391352,156.73191454941212,103.65511195691808
2018-01-16,223.3395661053294,156.08023664104485,104.17976542912783
2018-01-17,227.50780647799976,155.67059811481818,103.630739639237
2018-01-18,225.6923956137876,155.03134125785638,103.630739639237
2018-01-19,226.456109214518,155.79696279854514,103.630739639237
2018-01-22,226.9543759909502,155.79696279854514,103.97566335007838
2018-01-23,226.2388987689384,155.79696279854514,103.97566335007838
2018-01-24,224.60490348295244,156.41452349468494,103.97566335007838
2018-01-25,226.0270266784214,156.41452349468494,103.97566335007838
2018-01-26,227.3760469986,156.41452349468494,103.97566335007838
2018-01-29,226.66458728452972,156.41452349468494,103.97566335007838
2018-01-30,226.66458728452972,156.41452349468494,103.97566335007838
2018-01-31,226.66458728452972,156.41452349468494,103.97566335007838
2018-02-01,226.66458728452972,156.41452349468494,103.97566335007838
2018-02-02,226.66458728452972,156.41452349468494,103.97566335007838
2018-02-05,235.42374120132794,156.41452349468494,103.97566335007838
2018-02-06,235.42374120132794,156.41452349468494,103.97566335007838
2018-02-07,235.42374120132794,156.41452349468494,103.97566335007838
2018-02-08,244.87885494535644,156.41452349468494,103.97566335007838
2018-02-09,241.5888819235299,156.41452349468494,103.97566335007838
2018-02-12,241.5888819235299,156.41452349468494,103.97566335007838
2018-02-13,241.5888819235299,156.41452349468494,103.97566335007838
2018-02-14,241.5888819235299,156.41452349468494,103.97566335007838
2018-02-15,241.5888819235299,156.41452349468494,103.97566335007838
2018-02-16,241.5888819235299,156.41452349468494,104.86246358268764
2018-02-20,241.5888819235299,156.41452349468494,105.42796732703633
2018-02-21,241.5888819235299,156.41452349468494,105.92499295831963
2018-02-22,241.5888819235299,156.41452349468494,105.56480919075081
2018-02-23,241.5888819235299,156.41452349468494,105.9074321194232
2018-02-26,241.5888819235299,156.41452349468494,105.77431615031607
2018-02-27,241.5888819235299,156.41452349468494,106.53590581585894
2018-02-28,241.5888819235299,156.41452349468494,106.8129461182447
2018-03-01,241.5888819235299,156.41452349468494,106.19138000282541
2018-03-02,241.5888819235299,156.41452349468494,106.19138000282541
2018-03-05,241.5888819235299,156.41452349468494,106.2951616575347
2018-03-06,241.5888819235299,156.41452349468494,106.2951616575347
2018-03-07,241.5888819235299,156.41452349468494,106.2951616575347
2018-03-08,241.5888819235299,156.41452349468494,106.2951616575347
2018-03-09,241.5888819235299,156.41452349468494,106.2951616575347
2018-03-12,241.5888819235299,156.41452349468494,106.2951616575347
2018-03-13,241.5888819235299,156.41452349468494,106.2951616575347
2018-03-14,241.5888819235299,156.41452349468494,106.2951616575347
2018-03-15,241.5888819235299,156.41452349468494,106.2951616575347
2018-03-16,241.5888819235299,156.41452349468494,106.2951616575347
2018-03-19,241.5888819235299,156.41452349468494,106.2951616575347
2018-03-20,241.5888819235299,156.41452349468494,106.2951616575347
2018-03-21,241.5888819235299,156.41452349468494,106.2951616575347
2018-03-22,241.5888819235299,156.41452349468494,106.2951616575347
2018-03-23,246.85114346598445,156.41452349468494,106.2951616575347
2018-03-26,246.85114346598445,156.41452349468494,106.2951616575347
2018-03-27,246.85114346598445,156.41452349468494,106.2951616575347
2018-03-28,246.85114346598445,156.41452349468494,106.2951616575347
2018-03-29,246.85114346598445,156.41452349468494,106.2951616575347
2018-04-02,246.85114346598445,156.41452349468494,106.2951616575347
2018-04-03,246.85114346598445,156.41452349468494,106.2951616575347
2018-04-04,246.85114346598445,156.41452349468494,106.2951616575347
2018-04-05,246.85114346598445,156.41452349468494,106.2951616575347
2018-04-06,246.85114346598445,156.41452349468494,106.2951616575347
2018-04-09,246.85114346598445,156.41452349468494,106.2951616575347
2018-04-10,246.85114346598445,156.41452349468494,106.2951616575347
2018-04-11,246.85114346598445,156.41452349468494,106.2951616575347
2018-04-12,246.85114346598445,156.41452349468494,106.2951616575347
2018-04-13,246.85114346598445,156.41452349468494,106.2951616575347
2018-04-16,246.85114346598445,156.41452349468494,106.2951616575347
2018-04-17,246.85114346598445,156.41452349468494,106.2951616575347
2018-04-18,246.85114346598445,156.41452349468494,106.2951616575347
2018-04-19,246.85114346598445,156.41452349468494,106.2951616575347
2018-04-20,246.85114346598445,156.41452349468494,106.2951616575347
2018-04-23,246.85114346598445,156.41452349468494,105.57184068539014
2018-04-24,246.85114346598445,156.41452349468494,105.57184068539014
2018-04-25,246.85114346598445,156.41452349468494,105.57184068539014
2018-04-26,246.85114346598445,156.41452349468494,105.57184068539014
2018-04-27,246.85114346598445,156.41452349468494,105.57184068539014
2018-04-30,246.85114346598445,156.41452349468494,105.1173171123118
2018-05-01,246.85114346598445,156.6879008285326,105.1173171123118
2018-05-02,246.85114346598445,156.6879008285326,105.1173171123118
2018-05-03,246.85114346598445,156.32163228223575,105.1173171123118
2018-05-04,246.85114346598445,156.32163228223575,105.1173171123118
2018-05-07,246.85114346598445,156.32163228223575,105.1173171123118
2018-05-08,246.85114346598445,155.5072145500887,105.1173171123118
2018-05-09,246.85114346598445,155.5628115169826,105.1173171123118
2018-05-10,246.85114346598445,155.5628115169826,105.1173171123118
2018-05-11,246.85114346598445,155.5628115169826,105.1173171123118
2018-05-14,247.86158902545017,155.5628115169826,105.1173171123118
2018-05-15,247.86158902545017,155.5628115169826,105.1173171123118
2018-05-16,247.86158902545017,155.5628115169826,105.1173171123118
2018-05-17,247.86158902545017,155.3841167503497,105.1173171123118
2018-05-18,247.86158902545017,155.3841167503497,105.1173171123118
2018-05-21,250.4479410395945,155.3841167503497,105.27973897204296
2018-05-22,248.91021029493027,155.3841167503497,105.27973897204296
2018-05-23,251.1840328999988,155.3841167503497,105.27973897204296
2018-05-24,251.1840328999988,155.3841167503497,105.27973897204296
2018-05-25,251.1840328999988,155.3841167503497,105.27973897204296
2018-05-29,251.1840328999988,155.3841167503497,105.27973897204296
2018-05-30,251.1840328999988,155.3841167503497,104.19987238736762
2018-05-31,251.1840328999988,155.3841167503497,104.19987238736762
2018-06-01,251.1840328999988,155.54424842084882,104.19987238736762
2018-06-04,251.1840328999988,155.54424842084882,104.19987238736762
2018-06-05,251.1840328999988,155.54424842084882,104.19987238736762
2018-06-06,251.1840328999988,155.54424842084882,104.19987238736762
2018-06-07,251.1840328999988,155.54424842084882,104.19987238736762
2018-06-08,251.1840328999988,155.54424842084882,104.19987238736762
2018-06-11,251.1840328999988,155.54424842084882,104.19987238736762
2018-06-12,251.1840328999988,155.54424842084882,104.19987238736762
2018-06-13,251.1840328999988,155.54424842084882,104.19987238736762
2018-06-14,251.1840328999988,155.54424842084882,104.19987238736762
2018-06-15,251.1840328999988,158.88107791776412,104.19987238736762
2018-06-18,251.1840328999988,158.88107791776412,104.19987238736762
2018-06-19,251.1840328999988,158.88489151949045,104.19987238736762
2018-06-20,251.1840328999988,159.48668000897314,104.19987238736762
2018-06-21,251.1840328999988,160.0105398452124,104.19987238736762
2018-06-22,251.1840328999988,160.0105398452124,104.19987238736762
2018-06-25,251.1840328999988,161.35193050835252,104.19987238736762
2018-06-26,249.66099023686547,161.42165578117982,104.19987238736762
2018-06-27,249.3454199686674,160.9730797464414,104.19987238736762
2018-06-28,248.65208116469137,161.70811000442941,104.19987238736762
2018-06-29,250.53659873323264,162.74173867743775,104.19987238736762
2018-07-02,249.1972902280225,163.4898214225323,104.19987238736762
2018-07-03,250.95817113603914,162.3514419907833,104.19987238736762
2018-07-05,249.78337069808754,162.14028552994037,104.19987238736762
2018-07-06,249.78337069808754,162.14028552994037,104.19987238736762
2018-07-09,249.78337069808754,162.14028552994037,104.19987238736762
2018-07-10,249.78337069808754,162.14028552994037,104.19987238736762
2018-07-11,249.78337069808754,162.14028552994037,104.19987238736762
2018-07-12,249.78337069808754,162.14028552994037,104.19987238736762
2018-07-13,249.78337069808754,162.14028552994037,104.19987238736762
2018-07-16,249.67658368466036,162.14028552994037,104.19987238736762
2018-07-17,251.30267557983842,162.14028552994037,104.19987238736762
2018-07-18,252.57351653550103,162.14028552994037,104.19987238736762
2018-07-19,251.15777389412688,162.14028552994037,104.19987238736762
2018-07-20,249.33764282880716,162.14028552994037,104.19987238736762
2018-07-23,249.88206824989,162.14028552994037,104.19844381221756
2018-07-24,251.96189185250856,162.06826833204065,104.13309397151482
2018-07-25,252.77197555853726,162.06826833204065,104.13309397151482
2018-07-26,255.7709675555622,162.05625527845504,104.13309397151482
2018-07-27,254.70311293122296,162.04834024066483,104.13309397151482
2018-07-30,254.70311293122296,163.0917827143142,104.65851409010527
2018-07-31,256.1219060656121,163.0917827143142,104.65851409010527
2018-08-01,256.1219060656121,163.75221993298624,104.95825380946219
2018-08-02,256.1219060656121,163.79405395121103,104.95825380946219
2018-08-03,256.1219060656121,163.79405395121103,104.95825380946219
2018-08-06,256.1219060656121,163.79405395121103,104.95825380946219
2018-08-07,256.1219060656121,163.79405395121103,104.95825380946219
2018-08-08,255.42836323957695,163.79405395121103,104.95825380946219
2018-08-09,255.42836323957695,163.79405395121103,104.95825380946219
2018-08-10,255.42836323957695,163.79405395121103,104.95825380946219
2018-08-13,255.42836323957695,163.79405395121103,104.95825380946219
2018-08-14,255.42836323957695,162.75964960718954,104.95825380946219
2018-08-15,255.42836323957695,165.39626033144322,104.95825380946219
2018-08-16,255.42836323957695,165.95833460895778,104.95825380946219
2018-08-17,255.42836323957695,165.4248701957186,104.95825380946219
2018-08-20,255.42836323957695,165.4248701957186,104.95825380946219
2018-08-21,255.42836323957695,165.4248701957186,104.1440325324438
2018-08-22,255.42836323957695,165.4248701957186,104.1440325324438
2018-08-23,255.42836323957695,165.4248701957186,104.1440325324438
2018-08-24,255.42836323957695,165.4248701957186,104.1440325324438
2018-08-27,255.42836323957695,165.4248701957186,104.1440325324438
2018-08-28,255.42836323957695,165.4248701957186,103.98573717919805
2018-08-29,255.42836323957695,165.4248701957186,103.8515361662332
2018-08-30,255.42836323957695,165.4248701957186,103.8515361662332
2018-08-31,256.72894442321103,165.4248701957186,103.8515361662332
2018-09-04,257.05004515826033,165.4248701957186,103.8515361662332
2018-09-05,256.2111668597637,165.4248701957186,103.8515361662332
2018-09-06,256.2111668597637,165.4248701957186,103.8515361662332
2018-09-07,256.2111668597637,165.4248701957186,103.8515361662332
2018-09-10,256.2111668597637,165.4248701957186,103.8515361662332
2018-09-11,256.2111668597637,165.4248701957186,103.8515361662332
2018-09-12,256.2111668597637,165.4248701957186,103.8515361662332
2018-09-13,256.24986478307443,165.4248701957186,103.8515361662332
2018-09-14,256.24986478307443,165.4248701957186,103.8515361662332
2018-09-17,256.24986478307443,165.4248701957186,103.8515361662332
2018-09-18,256.24986478307443,165.4248701957186,103.8515361662332
2018-09-19,256.24986478307443,165.4248701957186,103.8515361662332
2018-09-20,256.4033704984877,165.4248701957186,103.8515361662332
2018-09-21,257.84861260398895,165.4248701957186,103.69415013047501
2018-09-24,256.1209539598065,165.4248701957186,103.69415013047501
2018-09-25,256.1209539598065,165.4248701957186,103.88228197728637
2018-09-26,256.1209539598065,165.4248701957186,103.88228197728637
2018-09-27,256.1209539598065,165.4248701957186,103.88228197728637
2018-09-28,257.11622280622083,165.4248701957186,103.88228197728637
2018-10-01,259.57238355041557,165.4248701957186,103.65593682379193
2018-10-02,261.4451619228263,165.4248701957186,103.65593682379193
2018-10-03,263.57455959991603,165.4248701957186,103.65593682379193
2018-10-04,263.57455959991603,165.4248701957186,103.65593682379193
2018-10-05,263.57455959991603,165.4248701957186,103.65593682379193
2018-10-08,263.57455959991603,165.4248701957186,103.65593682379193
2018-10-09,263.57455959991603,165.4248701957186,103.65593682379193
2018-10-10,272.5124790602056,165.4248701957186,103.65593682379193
2018-10-11,280.0033774856551,165.4248701957186,103.65593682379193
2018-10-12,275.98544937646125,165.4248701957186,103.65593682379193
2018-10-15,277.4108338486193,165.4248701957186,103.65593682379193
2018-10-16,277.4108338486193,165.4248701957186,103.65593682379193
2018-10-17,277.4108338486193,165.4248701957186,103.65593682379193
2018-10-18,277.4108338486193,165.4248701957186,103.65593682379193
2018-10-19,277.4108338486193,165.4248701957186,103.65593682379193
2018-10-22,277.5908218100803,165.4248701957186,103.65593682379193
2018-10-23,279.1406725472245,165.4248701957186,103.65593682379193
2018-10-24,283.9888633417712,165.4248701957186,104.47893207403895
2018-10-25,283.9888633417712,165.4248701957186,104.78113707445097
2018-10-26,288.04516349921,165.20080872626826,104.57241494051468
2018-10-29,290.15593376813797,165.08469507871365,104.90391076264962
2018-10-30,290.15593376813797,165.08469507871365,105.10005565223211
2018-10-31,290.15593376813797,165.08469507871365,105.35070737602975
2018-11-01,290.15593376813797,165.08469507871365,104.47803595914094
2018-11-02,290.15593376813797,165.08469507871365,104.65457657444364
2018-11-05,290.15593376813797,165.08469507871365,104.52880962343943
2018-11-06,290.15593376813797,165.08469507871365,104.31816457566386
2018-11-07,290.15593376813797,165.08469507871365,104.36883981785445
2018-11-08,290.15593376813797,165.08469507871365,104.91964261113635
2018-11-09,290.15593376813797,165.08469507871365,105.16953943104646
2018-11-12,290.15593376813797,165.08469507871365,106.31811340194656
2018-11-13,290.15593376813797,165.8833227728486,105.6751264042174
2018-11-14,290.15593376813797,165.8833227728486,105.6751264042174
2018-11-15,290.15593376813797,165.8833227728486,105.6751264042174
2018-11-16,290.15593376813797,165.8833227728486,105.6751264042174
2018-11-19,290.15593376813797,165.8833227728486,105.42693997094986
2018-11-20,290.15593376813797,165.8833227728486,106.12850758070502
2018-11-21,290.15593376813797,165.8833227728486,106.05414902092191
2018-11-23,290.15593376813797,165.8833227728486,106.4797218963381
2018-11-26,290.15593376813797,165.8833227728486,106.61370018914629
2018-11-27,290.15593376813797,165.8833227728486,106.98201751640083
2018-11-28,290.15593376813797,165.8833227728486,106.98201751640083
2018-11-29,290.15593376813797,165.8833227728486,106.8698362435219
2018-11-30,290.15593376813797,165.8833227728486,107.55906668518496
2018-12-03,290.15593376813797,166.71775965113486,107.27238441344045
2018-12-04,290.15593376813797,167.94661178172714,107.53258654538826
2018-12-06,290.15593376813797,167.3860954053948,107.35985558560904
2018-12-07,290.15593376813797,168.87107203904756,107.28437567312686
2018-12-10,290.15593376813797,168.87107203904756,107.63638801990066
2018-12-11,290.15593376813797,168.87107203904756,107.9717428688021
2018-12-12,290.15593376813797,168.87107203904756,107.39290650959747
2018-12-13,290.15593376813797,168.87107203904756,107.47561621064742
2018-12-14,290.15593376813797,168.87107203904756,108.26908711375623
2018-12-17,290.15593376813797,168.87107203904756,107.91804287442628
2018-12-18,290.15593376813797,169.16118732726943,107.9575696465696
2018-12-19,294.8465133992383,169.16118732726943,107.86476796637997
2018-12-20,302.48024505579366,170.3961488367828,107.28952125844472
2018-12-21,306.028737149795,171.10745239023427,107.83898218708882
2018-12-24,315.8199967687324,172.2640957351424,107.51752633978381
2018-12-26,298.5298358258085,172.2640957351424,108.0832907941107
2018-12-27,298.5298358258085,172.26083002961357,107.31290204866394
2018-12-28,298.5298358258085,172.26083002961357,107.28716317192445
2018-12-31,298.5298358258085,172.15425409916784,107.07197133858058
2019-01-02,298.5298358258085,174.30582595790509,108.23292448338358
2019-01-03,298.5298358258085,174.8499889440669,107.75796869751656
2019-01-04,298.5298358258085,173.72291509852366,108.00290260248907
2019-01-07,298.5298358258085,172.95073183470234,107.16103990706291
2019-01-08,298.5298358258085,172.9356439300866,107.16103990706291
2019-01-09,298.5298358258085,172.4969680970994,107.16103990706291
2019-01-10,298.5298358258085,172.21705886529665,107.16103990706291
2019-01-11,298.5298358258085,172.21705886529665,107.16103990706291
2019-01-14,298.5298358258085,172.41326818638325,107.16103990706291
2019-01-15,301.9488091450014,172.41326818638325,107.16103990706291
2019-01-16,304.2849617581138,172.41326818638325,107.16103990706291
2019-01-17,306.4138158642483,172.41326818638325,107.16103990706291
2019-01-18,311.3523928608109,172.41326818638325,107.16103990706291
2019-01-22,311.3523928608109,172.41326818638325,107.16103990706291
2019-01-23,311.3523928608109,172.41326818638325,107.16103990706291
2019-01-24,313.1877798049633,172.41326818638325,107.16103990706291
2019-01-25,312.7125572645735,172.41326818638325,107.16103990706291
2019-01-28,309.47384382322434,172.41326818638325,107.16103990706291
2019-01-29,309.47384382322434,172.41326818638325,107.16103990706291
2019-01-30,313.6600225611812,172.41326818638325,107.16103990706291
2019-01-31,314.3457811186797,173.07073284106212,107.16103990706291
2019-02-01,314.9332041118511,173.07073284106212,107.22647294770901
2019-02-04,317.63722914466103,173.07073284106212,107.22647294770901
2019-02-05,320.7009577150325,173.07073284106212,107.22647294770901
2019-02-06,321.67405085435564,173.07073284106212,107.22647294770901
2019-02-07,321.67405085435564,173.07073284106212,107.22647294770901
2019-02-08,321.67405085435564,173.89893315140256,107.22647294770901
2019-02-11,321.67405085435564,173.89893315140256,107.22647294770901
2019-02-12,325.0175678516133,173.89893315140256,107.22647294770901
2019-02-13,328.4044139664265,173.89893315140256,107.22647294770901
2019-02-14,328.4044139664265,173.89893315140256,107.22647294770901
2019-02-15,334.1047506909291,173.89893315140256,107.22647294770901
2019-02-19,332.882810493239,173.89893315140256,107.22647294770901
2019-02-20,333.782634221895,173.89893315140256,107.22647294770901
2019-02-21,332.50625690449783,173.89893315140256,107.22647294770901
2019-02-22,334.8662424470574,173.89893315140256,107.22647294770901
2019-02-25,334.96019511561605,173.89893315140256,107.22647294770901
2019-02-26,334.96019511561605,173.89893315140256,107.22647294770901
2019-02-27,334.96019511561605,173.89893315140256,107.22647294770901
2019-02-28,334.03931314683615,173.89893315140256,107.22647294770901
2019-03-01,335.63836392914226,173.89893315140256,107.22647294770901
2019-03-04,335.63836392914226,173.89893315140256,107.08864050586898
2019-03-05,335.63836392914226,173.89893315140256,107.08864050586898
2019-03-06,335.63836392914226,173.89893315140256,107.08864050586898
2019-03-07,335.63836392914226,173.89893315140256,107.08864050586898
2019-03-08,335.63836392914226,173.89893315140256,107.08864050586898
2019-03-11,335.63836392914226,174.71600975557476,107.08864050586898
2019-03-12,335.63836392914226,174.71600975557476,107.08864050586898
2019-03-13,335.63836392914226,174.71600975557476,107.08864050586898
2019-03-14,335.63836392914226,174.71600975557476,107.08864050586898
2019-03-15,335.63836392914226,174.71600975557476,107.08864050586898
2019-03-18,335.63836392914226,174.71600975557476,107.08864050586898
2019-03-19,335.63836392914226,174.71600975557476,107.08864050586898
2019-03-20,335.63836392914226,174.71600975557476,107.08864050586898
2019-03-21,335.63836392914226,174.71600975557476,107.08864050586898
2019-03-22,335.63836392914226,174.71600975557476,107.98959972926691
2019-03-25,335.63836392914226,175.65382993221863,107.94348551789243
2019-03-26,335.63836392914226,175.65382993221863,107.94348551789243
2019-03-27,335.63836392914226,175.65382993221863,107.94348551789243
2019-03-28,335.63836392914226,175.65382993221863,108.36266299503004
2019-03-29,335.63836392914226,175.65382993221863,108.36266299503004
2019-04-01,335.63836392914226,175.65382993221863,108.36266299503004
2019-04-02,335.63836392914226,175.65382993221863,108.36266299503004
2019-04-03,335.63836392914226,175.65382993221863,108.36266299503004
2019-04-04,335.63836392914226,175.65382993221863,108.36266299503004
2019-04-05,335.63836392914226,175.65382993221863,108.36266299503004
2019-04-08,335.63836392914226,175.65382993221863,108.36266299503004
2019-04-09,335.63836392914226,175.65382993221863,108.36266299503004
2019-04-10,335.63836392914226,175.65382993221863,108.36266299503004
2019-04-11,336.08333001234166,175.65382993221863,108.36266299503004
2019-04-12,338.1623476566572,175.65382993221863,108.36266299503004
2019-04-15,337.6604546520558,175.65382993221863,108.36266299503004
2019-04-16,339.21948284347513,175.65382993221863,108.36266299503004
2019-04-17,338.7290754041928,175.65382993221863,108.59881023865796
2019-04-18,342.1368319934045,175.65382993221863,107.83868620343806
2019-04-22,342.1368319934045,175.65382993221863,108.09028553273966
2019-04-23,342.1368319934045,175.65382993221863,108.09028553273966
2019-04-24,342.1368319934045,175.65382993221863,108.09028553273966
2019-04-25,342.1368319934045,175.65382993221863,108.09028553273966
2019-04-26,342.1368319934045,175.65382993221863,108.09028553273966
2019-04-29,342.1368319934045,175.65382993221863,108.09028553273966
2019-04-30,341.7471497843547,175.65382993221863,108.09028553273966
2019-05-01,341.7471497843547,176.2838005813683,108.09028553273966
2019-05-02,341.7471497843547,176.2838005813683,108.09028553273966
2019-05-03,341.7471497843547,176.2838005813683,108.09028553273966
2019-05-06,341.7471497843547,176.2838005813683,108.09028553273966
2019-05-07,341.7471497843547,176.2838005813683,108.1888017899521
2019-05-08,341.7471497843547,176.2838005813683,108.18621681094427
2019-05-09,344.2731991266674,176.2838005813683,107.95727871880106
2019-05-10,344.2731991266674,176.2838005813683,107.79134145358213
2019-05-13,352.1368272742685,176.2838005813683,107.88993769660968
2019-05-14,348.6873588745699,176.2838005813683,108.06327033482275
2019-05-15,348.6873588745699,176.2838005813683,108.09221326947183
2019-05-16,348.6873588745699,176.2838005813683,108.40305037126306
2019-05-17,348.6873588745699,176.2838005813683,108.40305037126306
2019-05-20,348.6873588745699,176.2838005813683,108.40305037126306
2019-05-21,348.6873588745699,176.2838005813683,108.40305037126306
2019-05-22,348.6873588745699,176.2838005813683,108.40305037126306
2019-05-23,348.6873588745699,176.2838005813683,108.40305037126306
2019-05-24,348.6873588745699,176.2838005813683,108.40305037126306
2019-05-28,348.6873588745699,176.2838005813683,108.40305037126306
2019-05-29,348.6873588745699,176.2838005813683,108.8631952092052
2019-05-30,348.6873588745699,176.2838005813683,108.8631952092052
2019-05-31,348.6873588745699,176.2838005813683,108.8631952092052
2019-06-03,348.6873588745699,176.2838005813683,108.8631952092052
2019-06-04,348.6873588745699,176.2838005813683,108.8631952092052
2019-06-05,348.6873588745699,176.2838005813683,109.38474129242587
2019-06-06,348.6873588745699,176.0846044440449,108.80159138013163
2019-06-07,348.6873588745699,175.90900581729304,108.18840542611332
2019-06-10,348.6873588745699,174.55809154594132,108.49065971681503
2019-06-11,348.6873588745699,174.19265776221434,108.27187945986383
2019-06-12,348.6873588745699,175.6824566535257,108.63891087973495
2019-06-13,348.6873588745699,177.00502901251818,108.63891087973495
2019-06-14,348.6873588745699,177.99800905025853,109.41203402178975
2019-06-17,348.6873588745699,177.5689398226245,109.41203402178975
2019-06-18,354.15888677691515,178.87283068958644,109.41203402178975
2019-06-19,353.6625481479471,180.18683116413973,109.17831946414256
2019-06-20,354.86944541952033,182.81239398760894,108.72836842095678
2019-06-21,352.04869049876277,183.05383142361015,108.00855288960463
2019-06-24,351.2326830253343,185.1926703260708,108.00855288960463
2019-06-25,349.85834277333186,186.20063293359505,108.00855288960463
2019-06-26,349.6465914496983,184.2793084428504,108.00855288960463
2019-06-27,349.51167019325374,184.3813225383688,108.00855288960463
2019-06-28,350.3552511586337,184.28640324861283,108.00855288960463
2019-07-01,354.6151787729956,182.36584722220306,108.00855288960463
2019-07-02,355.5658253994942,186.92248504674714,108.00855288960463
2019-07-03,358.1682843708649,187.05564315137434,108.00855288960463
2019-07-05,359.27383744041754,187.05564315137434,108.00855288960463
2019-07-08,358.0769918292569,187.05564315137434,108.00855288960463
2019-07-09,358.0769918292569,187.05564315137434,108.00855288960463
2019-07-10,358.0769918292569,187.05564315137434,108.00855288960463
2019-07-11,358.0769918292569,187.05564315137434,108.00855288960463
2019-07-12,360.7888243330742,187.05564315137434,108.00855288960463
2019-07-15,361.5318959842666,187.05564315137434,108.00855288960463
2019-07-16,362.73531438607426,187.05564315137434,108.00855288960463
2019-07-17,360.7805974579084,187.05564315137434,108.00855288960463
2019-07-18,359.12614855927626,187.05564315137434,108.00855288960463
2019-07-19,360.0066755263479,187.05564315137434,108.00855288960463
2019-07-22,360.0066755263479,187.05564315137434,108.00855288960463
2019-07-23,364.2076997839123,187.05564315137434,108.00855288960463
2019-07-24,364.2076997839123,187.05564315137434,108.00855288960463
2019-07-25,364.2076997839123,187.05564315137434,108.00855288960463
2019-07-26,364.2076997839123,187.05564315137434,108.00855288960463
2019-07-29,364.2076997839123,187.05564315137434,108.00855288960463
2019-07-30,364.2076997839123,187.05564315137434,108.00855288960463
2019-07-31,364.2076997839123,187.05564315137434,108.00855288960463
2019-08-01,368.307886881088,187.05564315137434,108.00855288960463
2019-08-02,370.4311251746801,187.05564315137434,108.0376321732553
2019-08-05,384.2127121350803,187.05564315137434,107.33726121444542
2019-08-06,379.41594933660394,187.05564315137434,107.34774758728095
2019-08-07,379.7431888731996,187.05564315137434,107.50093241227415
2019-08-08,379.7431888731996,187.34732533249013,107.6975758642929
2019-08-09,379.7431888731996,186.5143914437134,107.7280531613013
2019-08-12,385.700837278861,188.0498421857824,107.59356120978907
2019-08-13,385.700837278861,187.56821815807987,108.13336318200707
2019-08-14,396.37505637144403,189.9674492533717,108.32499986044014
2019-08-15,393.6733922386521,191.38543995573602,108.75644189305852
2019-08-16,393.6733922386521,190.44943723800517,108.880967707213
2019-08-19,393.6733922386521,190.44943723800517,108.9989106222235
2019-08-20,393.6733922386521,191.5052095102363,108.83205208514136
2019-08-21,393.6733922386521,191.5052095102363,108.98635599313823
2019-08-22,393.6733922386521,191.5052095102363,109.07072620742579
2019-08-23,393.6733922386521,191.5052095102363,108.36036521104275
2019-08-26,393.6733922386521,191.5052095102363,109.08637377597965
2019-08-27,393.6733922386521,191.5052095102363,109.08487781786906
2019-08-28,393.6733922386521,191.5052095102363,109.22415861317675
2019-08-29,393.6733922386521,191.5052095102363,109.22415861317675
2019-08-30,393.6733922386521,191.5052095102363,109.22415861317675
2019-09-03,393.6733922386521,191.5052095102363,109.22415861317675
2019-09-04,393.6733922386521,191.5052095102363,109.22415861317675
2019-09-05,393.6733922386521,191.5052095102363,109.22415861317675
2019-09-06,393.6733922386521,191.5052095102363,109.22415861317675
2019-09-09,393.6733922386521,191.5052095102363,109.22415861317675
2019-09-10,393.6733922386521,191.5052095102363,109.22415861317675
2019-09-11,393.6733922386521,191.5052095102363,109.22415861317675
2019-09-12,393.6733922386521,191.5052095102363,109.22415861317675
2019-09-13,393.9254550867156,191.5052095102363,109.22415861317675
2019-09-16,394.4249472499222,191.5052095102363,108.50930183468857
2019-09-17,392.35204102662095,191.5052095102363,109.23586563915329
2019-09-18,394.4087064003673,191.5052095102363,109.23586563915329
2019-09-19,393.2568193820799,191.5052095102363,109.23586563915329
2019-09-20,393.2568193820799,191.5052095102363,109.23586563915329
2019-09-23,394.3336908535269,191.5052095102363,109.23586563915329
2019-09-24,394.3336908535269,191.5052095102363,109.23586563915329
2019-09-25,394.3336908535269,191.5052095102363,109.23586563915329
2019-09-26,394.3336908535269,191.5052095102363,109.23586563915329
2019-09-27,394.3336908535269,191.5052095102363,109.23586563915329
2019-09-30,394.3336908535269,191.5052095102363,109.23586563915329
2019-10-01,394.3336908535269,191.5052095102363,109.23586563915329
2019-10-02,402.5888350574846,191.5052095102363,109.23586563915329
2019-10-03,400.92030462686137,191.5052095102363,109.23586563915329
2019-10-04,400.92030462686137,191.5052095102363,109.23586563915329
2019-10-07,400.92030462686137,191.5052095102363,109.23586563915329
2019-10-08,400.92030462686137,191.5052095102363,109.23586563915329
2019-10-09,400.92030462686137,191.5052095102363,109.23586563915329
2019-10-10,400.92030462686137,191.5052095102363,109.23586563915329
2019-10-11,400.92030462686137,191.5052095102363,109.23586563915329
2019-10-14,400.92030462686137,191.5052095102363,109.23586563915329
2019-10-15,400.92030462686137,191.5052095102363,109.23586563915329
2019-10-16,400.92030462686137,191.5052095102363,109.23586563915329
2019-10-17,400.92030462686137,191.5052095102363,109.23586563915329
2019-10-18,400.92030462686137,191.5052095102363,109.23586563915329
2019-10-21,400.92030462686137,191.5052095102363,109.23586563915329
2019-10-22,400.92030462686137,191.5052095102363,109.23586563915329
2019-10-23,400.92030462686137,191.5052095102363,109.23533054365937
2019-10-24,400.92030462686137,191.5052095102363,108.9298326937042
2019-10-25,400.92030462686137,191.5052095102363,108.77883200443067
2019-10-28,402.1672905880031,191.5052095102363,109.10871748823122
2019-10-29,401.44678161184584,191.5052095102363,109.38942984715172
2019-10-30,401.74612433558787,191.5052095102363,109.7010775999033
2019-10-31,401.74612433558787,191.5052095102363,109.58251218633963
2019-11-01,401.74612433558787,191.5052095102363,109.58251218633963
2019-11-04,401.74612433558787,191.5052095102363,109.58251218633963
2019-11-05,401.74612433558787,191.5052095102363,109.58251218633963
2019-11-06,401.74612433558787,191.5052095102363,109.58251218633963
2019-11-07,404.99474970993754,191.5052095102363,109.58251218633963
2019-11-08,406.2655085716371,191.5052095102363,109.58251218633963
2019-11-11,405.8633974379815,191.5052095102363,109.58251218633963
2019-11-12,406.7481936536697,191.5052095102363,109.65222658188151
2019-11-13,408.1751632954866,191.5052095102363,109.49574237292363
2019-11-14,407.5957576645583,191.5052095102363,109.49574237292363
2019-11-15,409.7882224558018,191.5052095102363,109.49574237292363
2019-11-18,409.4685610131643,191.5052095102363,109.49574237292363
2019-11-19,407.75496610805504,191.5052095102363,109.49574237292363
2019-11-20,406.2898954207955,191.52933478265822,109.49574237292363
2019-11-21,406.0029389508519,192.22513348652737,109.49574237292363
2019-11-22,409.0069740864111,191.88900688633828,109.49574237292363
2019-11-25,412.0689600341323,191.88900688633828,109.49574237292363
2019-11-26,412.61730655771413,191.88900688633828,109.49574237292363
2019-11-27,414.06480134287983,191.88900688633828,109.49574237292363
2019-11-29,414.06480134287983,191.88900688633828,109.49574237292363
2019-12-02,414.06480134287983,191.88900688633828,109.49574237292363
2019-12-03,414.06480134287983,191.88900688633828,109.49574237292363
2019-12-04,414.06480134287983,191.88900688633828,109.49574237292363
2019-12-05,414.06480134287983,191.88900688633828,109.49574237292363
2019-12-06,414.06480134287983,191.88900688633828,109.49574237292363
2019-12-09,414.06480134287983,191.88900688633828,109.49574237292363
2019-12-10,414.06480134287983,191.88900688633828,109.49574237292363
2019-12-11,414.06480134287983,191.88900688633828,110.08440327446569
2019-12-12,414.06480134287983,191.88900688633828,110.08440327446569
2019-12-13,414.06480134287983,191.88900688633828,110.08440327446569
2019-12-16,414.06480134287983,191.88900688633828,110.08440327446569
2019-12-17,414.06480134287983,191.88900688633828,110.08440327446569
2019-12-18,414.06480134287983,191.88900688633828,109.6552212934847
2019-12-19,414.06480134287983,191.88900688633828,109.86366967799246
2019-12-20,416.8163417896268,191.88900688633828,109.86366967799246
2019-12-23,417.85185921061844,191.88900688633828,109.86366967799246
2019-12-24,417.3238281355651,191.88900688633828,109.82747554552954
2019-12-26,418.534571858907,193.28320857741852,109.82747554552954
2019-12-27,415.9229205950683,191.7939065067515,109.82747554552954
2019-12-30,412.45221700723323,192.00004370418173,109.82747554552954
2019-12-31,413.04155195831794,192.02736582690565,109.82747554552954
2020-01-02,419.35627045214886,194.2386081933533,109.82747554552954
2020-01-03,419.35627045214886,197.36341294668068,109.82747554552954
2020-01-06,419.35627045214886,198.4449466320332,109.82747554552954
2020-01-07,419.35627045214886,200.32593529717096,109.82747554552954
2020-01-08,419.35627045214886,198.8979539888184,109.82747554552954
2020-01-09,419.35627045214886,198.35614509784008,109.82747554552954
2020-01-10,419.35627045214886,199.3672355551474,109.82747554552954
2020-01-13,419.35627045214886,197.2913967832215,109.82747554552954
2020-01-14,419.35627045214886,197.20775598464124,109.82747554552954
2020-01-15,419.35627045214886,198.07358986585868,109.82747554552954
2020-01-16,419.35627045214886,198.07358986585868,109.82747554552954
2020-01-17,419.35627045214886,198.07358986585868,109.82747554552954
2020-01-21,419.35627045214886,198.07358986585868,109.82747554552954
2020-01-22,419.35627045214886,198.07358986585868,109.82747554552954
2020-01-23,419.35627045214886,198.07358986585868,109.82747554552954
2020-01-24,419.35627045214886,198.07358986585868,109.82747554552954
2020-01-27,419.35627045214886,198.07358986585868,109.82747554552954
2020-01-28,419.35627045214886,198.07358986585868,109.82747554552954
2020-01-29,419.35627045214886,198.07358986585868,109.82747554552954
2020-01-30,419.35627045214886,198.07358986585868,109.78092236612456
2020-01-31,419.35627045214886,198.07358986585868,109.24155969648774
2020-02-03,419.35627045214886,198.07358986585868,109.61768132015882
2020-02-04,419.35627045214886,198.07358986585868,109.7190642404945
2020-02-05,419.35627045214886,198.07358986585868,110.0454267999849
2020-02-06,419.35627045214886,198.07358986585868,110.0454267999849
2020-02-07,419.35627045214886,198.07358986585868,110.0454267999849
2020-02-10,419.35627045214886,198.07358986585868,110.0454267999849
2020-02-11,419.35627045214886,198.07358986585868,110.0454267999849
2020-02-12,419.35627045214886,198.07358986585868,110.0454267999849
2020-02-13,419.35627045214886,198.07358986585868,110.0454267999849
2020-02-14,419.35627045214886,198.07358986585868,110.0454267999849
2020-02-18,419.35627045214886,198.07358986585868,110.0454267999849
2020-02-19,419.35627045214886,198.07358986585868,110.0454267999849
2020-02-20,419.35627045214886,198.07358986585868,110.0454267999849
2020-02-21,419.35627045214886,198.07358986585868,110.0454267999849
2020-02-24,419.35627045214886,199.86940599273163,110.0454267999849
2020-02-25,433.59120673713005,196.44297777968293,110.0454267999849
2020-02-26,435.53318324532256,197.16030084130617,110.0454267999849
2020-02-27,459.31540590817013,195.49095369945292,109.05085024360127
2020-02-28,466.71126573637594,195.49095369945292,109.09390468189288
2020-03-02,447.70185720104024,195.49095369945292,107.90246161737814
2020-03-03,462.3949836681764,195.49095369945292,107.90246161737814
2020-03-04,462.3949836681764,195.49095369945292,108.53556908923385
2020-03-05,462.3949836681764,195.49095369945292,107.39257067035595
2020-03-06,468.8425588794473,195.49095369945292,107.4525049999113
2020-03-09,511.6133223583128,195.49095369945292,106.36033000505975
2020-03-10,511.6133223583128,195.49095369945292,106.36033000505975
2020-03-11,541.1007574646305,195.49095369945292,106.36033000505975
2020-03-12,591.4469560770417,195.49095369945292,106.36033000505975
2020-03-13,591.4469560770417,195.49095369945292,106.36033000505975
2020-03-16,591.4469560770417,195.49095369945292,106.36033000505975
2020-03-17,591.4469560770417,195.49095369945292,106.36033000505975
2020-03-18,591.4469560770417,199.46727586132323,106.36033000505975
2020-03-19,591.4469560770417,199.46727586132323,104.8861333830533
2020-03-20,618.1242123800129,199.46727586132323,104.84687959061952
2020-03-23,618.1242123800129,199.46727586132323,104.84687959061952
2020-03-24,618.1242123800129,199.46727586132323,104.84687959061952
2020-03-25,618.1242123800129,199.46727586132323,104.84687959061952
2020-03-26,618.1242123800129,199.46727586132323,104.84687959061952
2020-03-27,618.1242123800129,199.46727586132323,106.05635000718158
2020-03-30,618.1242123800129,199.46727586132323,106.05635000718158
2020-03-31,618.1242123800129,199.46727586132323,106.05635000718158
2020-04-01,618.1242123800129,199.46727586132323,106.05635000718158
2020-04-02,618.1242123800129,199.46727586132323,106.05635000718158
2020-04-03,618.1242123800129,199.46727586132323,106.05635000718158
2020-04-06,618.1242123800129,199.46727586132323,106.05635000718158
2020-04-07,618.1242123800129,196.07752921093712,106.05635000718158
2020-04-08,618.1242123800129,196.50290535501634,106.05635000718158
2020-04-09,621.5414894637132,199.6660991503512,106.05635000718158
2020-04-13,613.8294282024648,203.71279654869463,106.05635000718158
2020-04-14,613.8294282024648,203.71279654869463,106.05635000718158
2020-04-15,613.8294282024648,203.71279654869463,106.05635000718158
2020-04-16,613.8294282024648,203.71279654869463,106.05635000718158
2020-04-17,613.8294282024648,203.71279654869463,106.05635000718158
2020-04-20,613.8294282024648,203.71279654869463,106.05635000718158
2020-04-21,613.8294282024648,202.65211592748324,106.05635000718158
2020-04-22,613.8294282024648,206.6689933610017,106.05635000718158
2020-04-23,613.8294282024648,209.54057214989427,106.05635000718158
2020-04-24,617.9788368853581,208.54026119970393,106.05635000718158
2020-04-27,617.9788368853581,208.54026119970393,106.07393973633285
2020-04-28,617.9788368853581,208.54026119970393,106.17606504794384
2020-04-29,617.9788368853581,208.54026119970393,105.65851410086935
2020-04-30,617.9788368853581,208.54026119970393,104.83333617377838
2020-05-01,617.9788368853581,208.54026119970393,104.83333617377838
