Date,Trending Following_Renta Variable,Trending Following_Materia Prima,Trending Following_Renta Fija
2015-05-01,100.0,100.0,100.0
2015-05-04,100.22014906801053,99.60489304914478,100.14265207249238
2015-05-05,99.87954297041149,99.58354311366232,100.03789847130793
2015-05-06,99.30970747177619,100.03721159122532,99.60942910797792
2015-05-07,99.65928059427091,100.020082667239,99.61996822501085
2015-05-08,100.7087628302084,99.73900194304386,99.39752915481594
2015-05-11,100.66855482262551,99.73270548186305,99.23305991288265
2015-05-12,100.30603149358572,99.63682156171541,99.7366839534894
2015-05-13,99.66198716215656,99.46877809513214,100.10221193111926
2015-05-14,99.94388181589251,99.48358673567506,100.21495559847673
2015-05-15,99.8203925844051,99.46585860009989,100.22668982210418
2015-05-18,100.8293646865079,99.84202148473086,99.83842809603057
2015-05-19,102.00509267456574,99.84750019909642,99.39932331903887
2015-05-20,102.18699164049012,100.04705623501039,99.1687860858795
2015-05-21,102.1051752955301,99.8760785516277,99.27598884929195
2015-05-22,102.41277524113812,100.17929964670695,98.85358499265956
2015-05-26,102.53023531898098,100.0890441727307,98.19675865392945
2015-05-27,102.72860853421143,100.02360065594002,98.2166332415051
2015-05-28,102.41366452905079,99.90806998326276,98.42178034546733
2015-05-29,101.91618076260544,99.86192139469831,98.5709023621909
2015-06-01,102.27578366980732,99.90420404826557,98.33163884621483
2015-06-02,101.16956174558076,100.7508126658995,99.33886741135723
2015-06-03,100.79191895343585,101.63223732212263,99.95506387909896
2015-06-04,100.85422302725756,101.82111781462991,99.90967674442577
2015-06-05,100.77366156270459,101.46962256806817,99.32482293602352
2015-06-08,100.97771155359794,102.1741867643782,100.12329219650468
2015-06-09,100.9719795094592,102.01909019986859,100.15493697541865
2015-06-10,100.87467555212065,101.80384634502312,100.54963956118031
2015-06-11,100.79357088363341,101.68026603227004,100.29887793381383
2015-06-12,100.87919252978662,101.73270047034508,100.357432470172
2015-06-15,100.9549840925545,101.60302315296461,100.41933758251179
2015-06-16,100.85907310336856,101.6322167976488,100.23556831240433
2015-06-17,100.92078045801289,101.88271606119586,100.55430087091334
2015-06-18,100.83918434117959,101.27848833213196,100.51137637673278
2015-06-19,100.88860287961953,101.31766516900929,100.43251135037394
2015-06-22,100.8206165873112,101.87224109392878,100.40087984813375
2015-06-23,100.6497958539493,101.39916411136008,99.75380682728864
2015-06-24,100.78233593997972,101.70957327310009,99.88908411746417
2015-06-25,100.82480616665708,101.80605632074304,99.92309470109285
2015-06-26,100.758648356002,101.53052741060733,99.76332973611196
2015-06-29,102.17409941168488,101.65728972548665,99.9176009406288
2015-06-30,101.88869951221399,101.57628434279884,99.58715404742291
2015-07-01,101.38660597527829,101.29989437915877,99.23885574876114
2015-07-02,101.51915716223435,101.55088522649083,99.52599022701058
2015-07-06,101.52215504388907,101.24464901289332,99.21242248217567
2015-07-07,101.23628381038932,101.69227755236145,98.9927327456169
2015-07-08,102.3821872617444,101.86091971017173,99.1402866729566
2015-07-09,102.09461470272002,101.62316179694811,99.02366006814411
2015-07-10,102.06172900888012,102.00998620654487,98.91720197221998
2015-07-13,100.68623762633989,101.52435385926354,99.05423912762741
2015-07-14,100.50583940553801,101.64074385872782,99.03784860570937
2015-07-15,100.2446132749092,101.66821553279638,99.0939212614062
2015-07-16,99.91964511202086,101.41353145343179,99.16904854671229
2015-07-17,99.85123839625449,101.84765760097973,99.22379192173418
2015-07-20,99.88820628474905,104.34864738451319,99.22837500681139
2015-07-21,99.28992028463577,104.64974822232384,99.13322426468768
2015-07-22,99.19276000695884,105.10654361374775,99.14674218566114
2015-07-23,98.84617444436118,105.7550146926236,99.09308398184918
2015-07-24,98.75509306996707,105.3472950293042,99.09577216317116
2015-07-27,99.0008976188971,106.08489170377132,99.00149403196805
2015-07-28,98.33586116591458,105.87769427566231,99.0319419628595
2015-07-29,97.65553963909983,105.44473912716343,99.24561700713835
2015-07-30,97.43823345081886,105.65463263032868,99.36697163170533
2015-07-31,97.82221773922404,105.5647574479486,99.23791547557352
2015-08-03,97.92456742847544,105.97193214073842,99.32833229419187
2015-08-04,97.74710356939431,105.59128271036646,99.56810680885556
2015-08-05,97.88753168172498,105.96677139352273,99.47745275594333
2015-08-06,98.51960597378275,105.83858295787543,99.37713652302614
2015-08-07,98.99851453034773,105.81868069691235,99.27504785851265
2015-08-10,98.54646404672124,105.56975640246914,99.15861605278583
2015-08-11,99.24179131161382,105.4679579727537,99.1107297824883
2015-08-12,99.76298806463919,105.29057811140953,98.8607380256651
2015-08-13,99.706258908846,105.68712168207507,98.8485774719329
2015-08-14,99.3235057159004,105.49351880621744,98.9620507045308
2015-08-17,98.9914005581992,105.2211590402706,99.0209641797708
2015-08-18,98.84488235086125,104.96297818465112,99.21093598226572
2015-08-19,100.16734603035648,104.6633565964322,98.95398679554906
2015-08-20,102.51622159821153,104.71704276076103,98.65763059636049
2015-08-21,105.8608733409909,104.66150886056415,98.2813368185356
2015-08-24,110.23432791294698,104.40161703507715,97.69592982832884
2015-08-25,110.5789663128253,104.3607706870419,97.92555252790463
2015-08-26,107.36293988365162,104.40615574797322,98.45872178005509
2015-08-27,105.81380862564745,104.46685894361335,98.71287946208709
2015-08-28,105.56283002971867,104.60412701603455,98.99883984568682
2015-08-31,106.04903842772809,104.59211199318516,98.90741819007744
2015-09-01,108.02936247440746,104.54473752497249,98.48598888157785
2015-09-02,106.61260570074322,104.56920770762723,98.84180008819709
2015-09-03,106.037259402857,104.58703206127095,99.28028719422853
2015-09-04,107.0407638458724,104.529173000296,99.25158512566064
2015-09-08,106.00773046324716,104.47600670423769,98.9627803033655
2015-09-09,106.79482154449501,104.34470337190596,98.92844250157653
2015-09-10,106.88961587650049,104.30431269561653,98.51788511704306
2015-09-11,106.82865867354283,104.22479667235675,98.17672938481317
2015-09-14,106.93186511670206,104.25497490453002,98.23793631673202
2015-09-15,105.95341228305774,104.20993929527778,98.40050488608166
2015-09-16,105.60566875439527,103.8680607411148,98.32227230567075
2015-09-17,106.4783117813666,103.93369163151127,97.7185778222053
2015-09-18,106.77038914610051,103.34028697513975,98.40126965644991
2015-09-21,105.84192341183784,103.20015624814371,98.87612833039526
2015-09-22,106.0884799401131,103.24385159325449,99.18733916596754
2015-09-23,106.56477665958657,103.27494240903732,98.89472498820277
2015-09-24,107.02968504420839,102.75060752620948,98.72091910377422
2015-09-25,106.48679770069091,102.63930816338195,98.88191618313157
2015-09-28,107.7351442567406,102.12397407097853,98.60340837827655
2015-09-29,107.60013299050429,101.98807305252899,98.62141069310353
2015-09-30,106.45879646084121,101.84812642231947,98.90224163079203
2015-10-01,106.58579471333093,101.75851105788318,98.87938051030449
2015-10-02,106.03060055693679,102.38512541819192,98.80012071831612
2015-10-05,104.91687279435662,102.3849209478438,99.03063062633117
2015-10-06,105.26509229072543,102.46444881383394,98.6285337742296
2015-10-07,104.71721567745823,102.51450098601278,98.74879030157273
2015-10-08,104.76643231275717,102.23342695391764,98.56806418276479
2015-10-09,104.71137683574327,102.480355889317,98.22215661923897
2015-10-12,104.74041005781024,102.67494389095373,98.22215661923897
2015-10-13,104.6905859903699,102.749919495199,98.15136018641401
2015-10-14,104.50839674127967,102.89459494147567,97.77128474306204
2015-10-15,104.72419972275712,103.10611217144057,98.12255446807819
2015-10-16,104.80476285626237,103.05754351466668,98.29016031370745
2015-10-19,104.83307956773069,102.94358631172582,98.36467733006359
2015-10-20,104.80736690925346,103.03012203666854,98.32205225347546
2015-10-21,104.73815110182242,102.8161984354979,98.3424568941079
2015-10-22,105.98750524330893,103.42432778613268,99.38755642909402
2015-10-23,106.5388991613952,103.63766297049938,100.02345456152221
2015-10-26,106.38060462294477,103.48768530207599,99.81570091384417
2015-10-27,106.32540110458139,103.60992113736722,99.9236897634598
2015-10-28,107.0627919544876,103.73279336151957,100.84273658418083
2015-10-29,106.86214772484176,103.02541402757495,100.48080253707259
2015-10-30,106.61153620354617,102.71662746012856,100.32482349374034
2015-11-02,106.8813956742313,102.29845876581126,100.25229944931789
2015-11-03,107.19499797674685,101.8135754202562,100.49003748157641
2015-11-04,107.39345535209358,101.81264541068686,100.92270833539929
2015-11-05,107.33270231997142,101.86599772760384,100.83925515871621
2015-11-06,107.84705892633917,101.86240796893613,101.49330385444145
2015-11-09,107.48940087624771,101.84939246798125,101.3833014812881
2015-11-10,107.62416107949372,101.84748015070487,101.59110290153971
2015-11-11,107.46543938321932,101.89730848735988,101.48418438570572
2015-11-12,106.79394401349218,101.97408792206909,101.18840664829452
2015-11-13,106.54202097666233,101.88084301685085,101.38095861490456
2015-11-16,107.24651893532543,101.62867176419891,101.79709657969204
2015-11-17,107.39153704128435,101.89262441989504,102.02474931472257
2015-11-18,107.79258096917816,101.90574286316081,101.93861209672703
2015-11-19,107.56166021351746,101.86748988754513,101.58723063151565
2015-11-20,107.9954647941652,101.7344614957478,101.9553745846871
2015-11-23,107.9692873680288,102.1406042081024,102.00330396348772
2015-11-24,107.98347737826617,101.97545274437626,101.96289022293077
2015-11-25,108.08368030551956,102.04980922068874,102.10914157755055
2015-11-27,108.19649608383989,102.60396789288374,102.25855078121825
2015-11-30,108.10042525062157,102.30874797897698,102.3940566696174
2015-12-01,108.26523246217819,102.37557455260124,102.07691682609405
2015-12-02,107.87605434587338,103.10242347825829,102.163463434802
2015-12-03,105.52979055985634,103.78176134371525,100.64928943327351
2015-12-04,106.93885882600439,102.89586764965766,100.87108001454834
2015-12-07,106.80365093406195,103.20131005016336,101.08268051196528
2015-12-08,106.04700834700444,103.28839616238453,100.87489504840293
2015-12-09,106.22008217274008,104.01487561065345,99.98737003579217
2015-12-10,106.08807999300929,103.6742078539448,100.36780925359109
2015-12-11,106.31762008343911,103.73285653679744,100.13534721929936
2015-12-14,106.25985310706474,104.48030439371642,100.14488513580578
2015-12-15,106.1043301582296,104.12137231873926,100.67581362827802
2015-12-16,105.94988943761663,103.48523892296289,100.74991231654398
2015-12-17,106.01809831940813,104.41677912713998,101.37575698389493
2015-12-18,106.28077319382753,103.86894535262662,101.17859070860264
2015-12-21,106.25050294164296,103.50332624551548,100.93371896469574
2015-12-22,106.18959989051848,103.98709690654385,100.73689660673968
2015-12-23,105.71783307966626,103.86663682618072,100.94461106546873
2015-12-24,105.95583030483036,103.8378214447919,100.69295171020003
2015-12-28,106.01358383629787,104.2000313897235,100.70717173338117
2015-12-29,105.52258710741626,103.96955190017307,100.93529339010561
2015-12-30,105.7691855954271,104.40387023642019,100.87190236967032
2015-12-31,105.88623990882905,104.07948030754612,101.20157945806318
2016-01-04,106.3000743608772,104.24216347296388,101.45457114404677
2016-01-05,106.03559309399984,104.35267349872706,102.04217321454517
2016-01-06,106.59899719182461,104.47509036633934,101.83861555405345
2016-01-07,107.77273676580447,104.47492008313334,100.81391614995476
2016-01-08,108.07166522394502,104.43903533316907,100.9338572367507
2016-01-11,107.7795929883174,104.4049662879415,101.37304360330714
2016-01-12,107.54461736896637,104.33302275494567,101.40550510687633
2016-01-13,108.31236351656207,104.38218294466213,101.33364247026402
2016-01-14,107.81799916267066,104.24837315230681,101.34888820611731
2016-01-15,108.73759975993026,104.30069849201136,101.06972913040273
2016-01-19,108.6566259053505,104.2813738321431,101.14054230599805
2016-01-20,109.48953190549132,104.72240410636812,101.28116400761542
2016-01-21,109.19930777195263,104.77663271730299,101.3285543588188
2016-01-22,108.52461948712457,104.9102936248476,101.67753274367607
2016-01-25,109.10298516697624,105.04036651066092,101.44271253962337
2016-01-26,108.5862703634083,105.32042922662876,101.36165369071549
2016-01-27,109.10297144238321,105.39617249369023,101.26478897347286
2016-01-28,108.98772228340812,104.99055119328972,101.03041191862022
2016-01-29,107.84348426119261,105.38967974151161,102.24850437026014
2016-02-01,108.04631771684583,105.51105219104635,101.91804233641837
2016-02-02,109.16789216590689,105.4379686163155,101.7010266312877
2016-02-03,109.4737189136141,105.28336695022793,100.5280745470929
2016-02-04,109.71628987923141,105.34523438446871,99.90284547529167
2016-02-05,110.17590360931071,105.97898698038297,100.48471024430481
2016-02-08,110.95109962115615,106.58061531496665,100.29783142765133
2016-02-09,111.48580521209202,106.29481769928356,100.09490565711953
2016-02-10,111.82772664643588,106.69284855717036,99.98098848842938
2016-02-11,113.39520750481303,108.95587722746347,99.84412499628324
2016-02-12,111.91535774880427,108.92019024175607,99.88338961895575
2016-02-16,110.56545196055897,108.24803758504957,100.47878595039779
2016-02-17,109.60605827443862,108.51308311382172,100.46793806674566
2016-02-18,109.63725753807572,109.1783631879363,100.64283434016751
2016-02-19,109.82199823638915,109.0025994022717,100.57533618978069
2016-02-22,108.55120597174958,108.81035200082742,101.07144899028512
2016-02-23,108.4375849799283,109.68061938069566,101.11397088354623
2016-02-24,108.4796143885631,109.80046072503343,101.27291203488092
2016-02-25,108.6143323467137,109.96133021358565,101.2665844269634
2016-02-26,108.66020227476166,109.95906395908722,101.67570898691669
2016-02-29,108.64008398293775,110.95484931323438,101.98445048480203
2016-03-01,108.87447204798929,110.68822116681106,102.00455752078351
2016-03-02,108.8965760755001,111.03991891941266,101.96098015477068
2016-03-03,108.83661639310195,111.9802536174647,101.43046244586503
2016-03-04,108.8293530972168,111.50234554247294,101.27584423448661
2016-03-07,108.86341474663688,111.99020395215017,101.27777627225187
2016-03-08,108.79632139819907,111.74514824344746,101.48841905436565
2016-03-09,108.8314712618532,111.44206594050647,101.28708321577315
2016-03-10,108.30162624690307,111.35928033635447,100.4969923093174
2016-03-11,108.78067757403583,110.46437792880666,100.54842672203033
2016-03-14,108.96659227997738,110.09820601574808,100.88841821583554
2016-03-15,108.99141439676742,109.93975220980319,100.54903494456418
2016-03-16,108.79564899885138,110.70935331138914,100.15924082722732
2016-03-17,108.81550457114938,110.04961096485837,100.24242662540509
2016-03-18,109.18110072460001,110.1710738058068,100.17045066163627
2016-03-21,109.30584267783595,109.80067811392352,100.14460827155365
2016-03-22,109.29899519837566,110.12029927413634,100.12251971793062
2016-03-23,109.25493498055894,109.04930307869841,100.08101421518124
2016-03-24,109.30009017441334,108.936343641769,100.07474459732276
2016-03-28,109.27239003309641,109.04777394598115,100.09375146096663
2016-03-29,109.17771845790558,109.49577933377498,100.18319638939515
2016-03-30,109.19649435037502,109.69197739177676,100.22209674647114
2016-03-31,109.01743238549761,109.66349996082427,100.29394144156024
2016-04-01,109.1847543228783,109.76429549625166,100.29170623210332
2016-04-04,109.08212178906255,109.82866732667111,100.27780257597134
2016-04-05,108.85545381655099,109.67796924581592,100.2808971924937
2016-04-06,109.02133560965227,109.77139307334073,100.29805819089353
2016-04-07,108.75971212966199,109.58938397607353,100.28684279819655
2016-04-08,108.76458261109539,109.60745685596956,100.28746419305389
2016-04-11,108.70072229625976,109.46436056386567,100.29405449828317
2016-04-12,109.0705059275455,109.46282787253463,100.26937536566318
2016-04-13,110.30586715856174,109.46994900155559,100.17777195043301
2016-04-14,110.39969170594149,109.59264792220588,100.1691325492719
2016-04-15,110.23234260685481,109.55382044506503,100.1701965364497
2016-04-18,110.51203249126962,109.59518660483668,100.24328329352733
2016-04-19,110.41034931011195,110.16192017559261,100.14188150766728
2016-04-20,111.05425777645391,110.19622077049839,100.31602419134708
2016-04-21,110.74921779418936,110.40855734554057,100.31625036878992
2016-04-22,111.14065198499247,110.06495212281973,100.5251252075997
2016-04-25,110.83230241665431,110.06190370201506,100.30525352842857
2016-04-26,110.7302627569901,110.12159797907738,100.27749951288988
2016-04-27,110.76532351341625,110.11307169478019,100.12212545568615
2016-04-28,109.97360533596212,110.56605472770666,100.05857586725354
2016-04-29,109.32359036837664,111.3386103404404,99.79905794713673
2016-05-02,109.28906281484645,111.04748896115186,99.64443422172135
2016-05-03,109.039912093382,111.02691882582592,99.74324655210825
2016-05-04,108.77632442402638,110.87630424102488,99.76669103419151
2016-05-05,109.19669329295729,111.06466950662798,99.55149939899282
2016-05-06,109.44857647146479,111.5585223763115,99.52920460702028
2016-05-09,109.44984436366798,110.57282192512808,99.48790466376343
2016-05-10,109.30162216352609,110.7121198116456,99.46493765590363
2016-05-11,109.48508891167698,110.94537165600829,99.2527237588197
2016-05-12,109.43211097322416,110.5941134580915,99.4927153613369
2016-05-13,109.48135508213065,111.35670332854312,99.78524863832989
2016-05-16,109.3835715953337,111.32869558792007,99.7389244842848
2016-05-17,109.48753657759477,111.57746785066693,99.7643368692889
2016-05-18,109.39496453474295,111.160190211041,100.1659291781411
2016-05-19,109.4392726726615,111.05887925733629,100.12166970905925
2016-05-20,109.41868719818393,110.83262614414583,100.12364045685572
2016-05-23,109.41979611972225,110.72618805925487,100.12169477697283
2016-05-24,109.20795366786047,110.14035123238934,100.48996169140246
2016-05-25,109.13205503606201,110.17927237831833,100.41037205241307
2016-05-26,109.18422242653277,110.2589977738185,100.29810171213268
2016-05-27,109.07890795125009,110.2481779127655,100.68777931388868
2016-05-31,109.14798289184122,110.23832007184852,100.61089770014739
2016-06-01,109.20110733314111,110.31461760378396,100.3722700877795
2016-06-02,109.13476295361404,110.29608112617946,100.50568060409076
2016-06-03,109.81362454244328,110.20903516153248,99.55724512145441
2016-06-06,110.05821744654244,110.18727964589584,99.66886587577625
2016-06-07,110.08255990574004,110.20372384840636,99.65242900335322
2016-06-08,110.09785311951511,110.07179905313707,99.43841801065385
2016-06-09,110.29175331066303,109.93351363375187,99.8415162247921
2016-06-10,110.26114567631599,109.83134056051937,100.40280656338861
2016-06-13,109.89593981133567,109.78860192048043,100.13923731662008
2016-06-14,110.03797666868708,109.68930592915484,100.71383411943529
2016-06-15,109.81818299649595,109.68716570374643,100.48650369417854
2016-06-16,110.09500902703155,109.29088217095314,100.7264446314902
2016-06-17,109.8352918573279,110.20336714795009,100.3366602589373
2016-06-20,109.9685527221031,109.87321936069465,100.17916424616533
2016-06-21,110.22620059216138,109.52419774273609,100.47017036970804
2016-06-22,109.97786253051751,109.31813108451256,100.22345339252767
2016-06-23,110.1438273361051,108.82071382550123,99.82191198078876
2016-06-24,110.49393591051403,113.13651900506127,101.20992107838721
2016-06-27,110.71773427044624,114.07779793058789,101.60880810799009
2016-06-28,110.3174820436077,113.62430835629684,101.47263507964794
2016-06-29,109.95719617364546,113.63068731619553,101.10674190375272
2016-06-30,109.46133699856827,113.76019320376109,101.17336658795486
2016-07-01,109.47902602388409,114.50976325138983,101.1668966432394
2016-07-05,109.48640941106636,115.94703961793061,101.43759607673103
2016-07-06,109.46231769162512,116.22791830742862,101.35728068057036
2016-07-07,109.43964622552632,116.27990545357211,101.6612165565302
2016-07-08,109.68783642663477,116.75194377144463,101.78873973006536
2016-07-11,109.99906077292493,116.248305450808,101.73335346999528
2016-07-12,110.52303395669195,115.27650050742645,101.75735404897624
2016-07-13,110.4164461900973,115.53717355943017,101.60449701017171
2016-07-14,110.79671078405885,115.06335965818866,101.41137677745236
2016-07-15,111.48267283263218,115.60290358698258,101.68208460734498
2016-07-18,111.25492528500496,115.0238104324897,101.49846007532268
2016-07-19,111.78121734595899,115.44303681904476,101.75377998496296
2016-07-20,111.98968416628604,114.78292225526381,101.83468507799361
2016-07-21,111.69977750409257,115.39526077358042,101.75733950045856
2016-07-22,112.11153005344113,115.27411783747907,101.97778395328416
2016-07-25,111.78533746313788,114.86958349058958,101.9541279938591
2016-07-26,111.7727165387402,115.12024249444497,102.04911743042808
2016-07-27,111.404084919123,115.60393890902364,101.78852077989798
2016-07-28,111.26091839627652,115.31834666311623,101.63524052317123
2016-07-29,110.70595718390689,115.4823658702173,100.80104510132672
2016-08-01,110.67714521310252,115.6192491350921,100.73169220556767
2016-08-02,110.10503840894819,115.74781295003635,100.84632185756297
2016-08-03,110.60015416951387,115.90682790667397,100.761038967031
2016-08-04,110.68565386312586,116.13270602280679,100.75715465482516
2016-08-05,111.48503078697401,115.28601800087213,100.7024642967409
2016-08-08,111.43217799177161,115.24585528689826,100.80876892389375
2016-08-09,111.29811255610592,115.32881944086031,100.81178850590757
2016-08-10,110.89265375842257,115.27596125273033,100.85375849230438
2016-08-11,111.71573739488345,115.14148480026843,100.81844111256837
2016-08-12,111.47969475307322,114.8919751130736,100.84698976366195
2016-08-15,111.58285903588072,114.92617137114574,100.88408783028208
2016-08-16,110.8634978953873,114.73315394674826,100.95848464273446
2016-08-17,110.87983240179707,114.7883485937468,101.02126485032836
2016-08-18,110.63296032046237,114.61336283310555,101.18281724856958
2016-08-19,110.64003243971948,114.29745955334376,101.09302613989549
2016-08-22,110.59540796236062,114.22126540125528,101.10767784576706
2016-08-23,110.72220995633795,114.23170314322766,101.017248880112
2016-08-24,110.72654102510515,113.86403107274629,100.93102256138005
2016-08-25,110.5246363620753,113.66538949381622,100.96541587708602
2016-08-26,110.79395737243603,113.58392541055335,100.74620184494486
2016-08-29,111.16277997132119,113.55586019774728,100.72987883501796
2016-08-30,111.24536405217593,113.61470298423826,100.58909986450587
2016-08-31,111.2924781747684,113.64849583136244,100.6495577991343
2016-09-01,111.32014018106787,113.6455124117833,100.78453829871876
2016-09-02,111.2351536510295,113.50547325529784,100.63966899431843
2016-09-06,111.30547459774839,113.39485269686683,100.88939517282724
2016-09-07,111.29683219248317,113.41925344350757,100.78616024020695
2016-09-08,111.34531028731566,113.4983069733152,100.87641957485874
2016-09-09,111.55678861602577,113.56003337158798,100.83976626795238
2016-09-12,111.410995595368,113.56635451625355,100.83714613163046
2016-09-13,111.55336194391867,113.74613263767031,100.73458533487982
2016-09-14,111.60280293975906,113.73676355399735,100.79527612703723
2016-09-15,111.48681839099086,113.92990367774206,100.72181070993817
2016-09-16,111.38412405960428,113.77250473116624,100.32669861328158
2016-09-19,111.45060834668799,113.75974724672152,100.30874305200851
2016-09-20,111.36054339107201,113.64332120061677,100.34557328083967
2016-09-21,111.17330419229462,113.23375341415498,100.28253190058275
2016-09-22,111.05009492035659,113.24308128128875,100.26553182825842
2016-09-23,111.34043629335712,113.28512397382852,100.26729667668702
2016-09-26,111.7275483494108,113.3597954328713,100.24894065707761
2016-09-27,111.3628938999563,113.51266565874758,100.30301272950607
2016-09-28,111.16555590673138,113.66700305636219,100.31506584167705
2016-09-29,111.53629786816961,113.71237288823068,100.30730569606546
2016-09-30,111.27162042545258,113.86797543479928,100.29767258816351
2016-10-03,111.29937669289379,113.83001662712809,100.30726764147404
2016-10-04,111.43482618305119,114.93310311931215,100.30957680240083
2016-10-05,111.23067790251405,114.97939733130471,100.30604382607613
2016-10-06,111.09206603987877,115.15353470400939,100.35064112814327
2016-10-07,111.29170792154552,115.23371741239224,100.21428318326416
2016-10-10,110.94288739455438,114.97022990657412,100.3816218732012
2016-10-11,111.05361679386037,114.89401534043478,100.57724946567461
2016-10-12,110.88267607651427,114.67914124504625,100.7160694670439
2016-10-13,111.11271510361848,114.75412463067006,100.5841387374348
2016-10-14,110.78432144569949,114.68523057375113,100.80914952663849
2016-10-17,110.96392187922818,114.64058716179522,100.73216799427269
2016-10-18,110.76704613045733,114.39865052013859,100.77847486721176
2016-10-19,110.67137168493934,114.19369510942266,100.80573121167542
2016-10-20,110.6084198992551,114.11534181494883,100.93625031234023
2016-10-21,110.50175332855918,113.84775142055125,100.82306563025557
2016-10-24,110.35437818524844,113.92809949832842,100.83145513725714
2016-10-25,110.47326518251536,113.54016280780904,100.82301172218436
2016-10-26,110.47625726734317,113.94022712658452,100.87768491467581
2016-10-27,110.49685136603546,113.82421019031602,100.86309228765896
2016-10-28,110.77777113770632,113.965444696175,101.13713222905963
2016-10-31,110.80002529002581,113.86692353619783,101.11206882968705
2016-11-01,111.21419991367637,113.76140925212238,101.31511613208588
2016-11-02,111.48619919529057,113.60309454553756,101.41292494272356
2016-11-03,111.61119703068383,113.38107406969205,101.4321025332125
2016-11-04,111.92302612410914,113.36491114774887,101.51844216819322
2016-11-07,110.24401947167168,113.26230547512019,101.26081360531612
2016-11-08,109.94793521938996,113.22497198407281,101.21547803271987
2016-11-09,108.58472491757522,113.3659888991093,100.8623039514475
2016-11-10,109.09079882985299,113.21682914079008,100.89485981889905
2016-11-11,109.30550131666968,113.58451066292295,100.8349970675685
2016-11-14,110.0340166859965,113.48552051021443,100.54296460092228
2016-11-15,110.29331012494706,113.57006654312471,100.57186901332805
2016-11-16,110.29294419286951,113.57875373713249,100.55878503798209
2016-11-17,110.55829767517989,113.65726780697715,100.15369404009539
2016-11-18,110.61413835102056,113.95123487105039,100.0891889138416
2016-11-21,110.6588303776713,113.87847689613508,100.24380481554368
2016-11-22,110.89176083328087,113.95199442710754,100.22632256311245
2016-11-23,111.5109206956212,115.05647543693706,99.87491785025021
2016-11-25,111.52328585403885,115.69433052417804,100.0678499410033
2016-11-28,111.34995295244444,115.32152350810836,100.10934917737434
2016-11-29,111.27834928523413,115.79028630676137,100.26861073163772
2016-11-30,111.47413817902991,116.40062493560983,100.00323465682372
2016-12-01,111.27772270691999,117.10181998900676,100.3607166536301
2016-12-02,111.19972878478886,116.83153679727853,100.38150001877392
2016-12-05,110.62241112461695,118.16536309173456,100.80813077901651
2016-12-06,111.13259564044404,117.82530761511379,100.6623905218928
2016-12-07,112.14658464491637,117.80975641116262,100.76616908152445
2016-12-08,113.52417203587004,117.20661379609066,100.1213342260389
2016-12-09,114.5792355433607,117.58123432658233,99.878736056291
2016-12-12,114.15224964335708,117.87151809354003,100.2723540042587
2016-12-13,114.7215758552908,118.07679636136727,100.2987628641664
2016-12-14,114.86674251011682,118.52218783445694,99.76227421828835
2016-12-15,115.71486888606586,118.61782041506781,99.0119269825362
2016-12-16,115.4843913394293,118.49367642970364,99.34896266174653
2016-12-19,115.87231435596686,118.03992352383005,99.10495403968847
2016-12-20,116.39016279133038,118.26465173818059,98.99505338531529
2016-12-21,116.09435738148618,118.50737928869283,99.13964154346161
2016-12-22,115.9549579098944,118.87146539042197,99.17825108650335
2016-12-23,115.89298228262493,118.72078560755894,99.26836139496947
2016-12-27,115.9200827473524,118.43945627402384,99.29628684363803
2016-12-28,115.84001396408595,118.03830098030885,99.04323423135475
2016-12-29,115.37456833045255,117.6237804542729,99.30510486592384
2016-12-30,115.06046901922866,118.31620197453083,99.43587265371289
2017-01-03,116.03034416844933,117.08850674905828,98.90070601569195
2017-01-04,115.74057239509233,117.3162982095731,99.36202501377363
2017-01-05,114.97376037875189,117.1478581136277,99.87542063015063
2017-01-06,115.57082281358674,117.10514918176902,99.51980647579907
2017-01-09,115.12097894152728,116.91647037176547,99.71745315028286
2017-01-10,115.13769813721838,117.00586827985767,99.60966339817897
2017-01-11,115.27092760586801,117.0116499221752,99.58727520732243
2017-01-12,114.92033497355597,117.01477463374727,99.56281211518743
2017-01-13,114.74318807875962,117.00043439890055,99.53078523748621
2017-01-17,114.1993234768488,117.1155207699687,99.47298885710404
2017-01-18,114.58116455676821,117.08312371836934,99.54665841079547
2017-01-19,114.18996674264781,117.05112424120843,99.49973721335806
2017-01-20,114.25536686246248,117.06142009422256,99.46942578303803
2017-01-23,114.3368695896211,117.0700640949245,99.41674694778229
2017-01-24,114.23526420146848,117.01759810716466,99.45753886440792
2017-01-25,114.34201848674716,116.91936117917272,99.42133894060798
2017-01-26,114.47585118388176,116.87216544194634,99.46677042214633
2017-01-27,114.36463330150131,116.88010372551437,99.46157005511763
2017-01-30,114.03685538448532,116.92864546539322,99.46064670703421
2017-01-31,113.19027913807551,116.96259046479169,99.36248788722543
2017-02-01,113.41938985719138,117.0315089390784,99.2652607989064
2017-02-02,113.45489123486061,117.24190852087533,99.2489825633373
2017-02-03,113.85963472179643,117.28888242795355,99.33296912307551
2017-02-06,113.98022601216071,117.83739388066647,99.20905974026188
2017-02-07,114.44595155054054,118.01073427937811,98.86124272048549
2017-02-08,114.26346496919588,118.18114983299299,98.91076155769437
2017-02-09,115.11584987807618,117.94661846131643,98.62494668777374
2017-02-10,115.62868967107251,118.13820370746217,98.5890966556058
2017-02-13,116.61043064567656,118.04749150253518,98.40290198196858
2017-02-14,117.17178973256641,118.19755956413464,98.30658639468784
2017-02-15,117.44064274705265,118.28109819247769,98.4001383808236
2017-02-16,116.87182665129268,118.19096062597023,98.75291875155123
2017-02-17,117.36901283186921,118.25692728438801,98.46327449726475
2017-02-21,118.54895395861888,118.55931267028494,98.06960387141588
2017-02-22,118.50312990292305,118.5340275031043,98.13588795564142
2017-02-23,118.44975004999556,118.80087835573158,98.22107786441859
2017-02-24,118.65846865036761,119.08300183843471,98.12286112622961
2017-02-27,118.5235913547679,118.8755658025584,98.09518841228044
2017-02-28,118.51348551868435,118.7904036365329,98.12384053259707
2017-03-01,120.05682479267827,118.92417112121996,98.14363289364803
2017-03-02,119.96408525559997,118.61752108624943,98.18361495660851
2017-03-03,119.32242489519226,118.24822506426752,98.08312311007624
2017-03-06,119.40148997184245,118.10778778442636,98.11954482347956
2017-03-07,119.40749065781243,117.88833759832069,98.14158107447204
2017-03-08,119.35166197214369,117.75208347469518,98.15898218605355
2017-03-09,119.15556361805312,117.42585683656333,98.11063361707878
2017-03-10,118.74646585453331,117.64390641567569,98.02367954322202
2017-03-13,118.79674981265892,117.62514652371705,98.0394706548305
2017-03-14,118.94517081502009,117.62162049493452,98.05988199847702
2017-03-15,118.54274493184656,117.562904110565,97.93659988590476
2017-03-16,118.32270861597716,117.53318164878392,97.9000763478512
2017-03-17,118.4205061659729,117.47707575927966,97.96881696224361
2017-03-20,118.39019493928511,117.43058159829314,97.9660801482862
2017-03-21,117.32697371070465,117.40889151147454,97.79757156963859
2017-03-22,117.38396993399493,117.35560787900545,97.86493905634308
2017-03-23,117.44674670265253,117.37462123777419,97.81509426070632
2017-03-24,117.19523528516285,117.40626959507874,97.87338427374489
2017-03-27,117.29230061150065,117.57935204688818,98.0362375160201
2017-03-28,117.15176419652187,117.70809284759088,97.9041796274829
2017-03-29,117.1235088008273,118.04746822901822,98.03513078730417
2017-03-30,116.98300676247018,118.0427784730417,98.27284891675224
2017-03-31,116.99575755712435,118.47690004278961,98.31605693467935
2017-04-03,117.02284829684307,118.58053316668423,98.25454390053578
2017-04-04,117.00512398381731,118.68975868728995,98.2788044560449
2017-04-05,117.0163155324816,118.72638973827596,98.31118228728569
2017-04-06,116.98702524967918,118.64008575202143,98.36579356418784
2017-04-07,116.93237968956267,119.07172734785878,98.54895716208682
2017-04-10,116.93681106765717,119.05074893907475,98.52715748932539
2017-04-11,116.95053567945682,120.40984506504589,98.52458059763758
2017-04-12,117.0498027727068,120.74141449523638,98.21614604978438
2017-04-13,117.07162823331278,121.2657272468694,98.58197014169745
2017-04-17,116.99979396661271,120.94412329224946,98.4908149633493
2017-04-18,117.15856380309617,120.56232098993051,98.05274828950537
2017-04-19,117.20571369484566,120.22211005443211,98.25636604334511
2017-04-20,116.92534549469416,120.26776432174013,98.20612642602406
2017-04-21,117.01401443815746,120.3251349272025,98.14603991497731
2017-04-24,117.10173739782624,119.17422954856596,97.48182532983742
2017-04-25,116.89740034854115,118.2922856974829,97.24556534577036
2017-04-26,116.86184108091098,118.65025097117959,97.32108870746252
2017-04-27,116.75142616918369,118.58876940913534,97.45982473937326
2017-04-28,116.61269445921016,118.65531878676974,97.37430987719925
2017-05-01,116.55468127653462,118.08644290374252,97.35644139203966
2017-05-02,116.51624512981076,117.92741642936073,97.18945134640678
2017-05-03,116.67094753361846,117.29002441526885,97.38586581725198
2017-05-04,116.34486401855479,117.4896982648647,96.94703100997351
2017-05-05,116.39590629075359,117.50501918768553,96.88973371032222
2017-05-08,116.64138522633833,117.442568127548,97.18235638784269
2017-05-09,116.7412205894681,117.43667443120763,97.39283819436722
2017-05-10,116.70597789811602,117.450684938921,97.3874083204627
2017-05-11,116.68891382322083,117.38585104400053,97.38645499784894
2017-05-12,116.42681193855955,117.42874700437943,97.1003370578929
2017-05-15,116.43018568970437,117.45307047674028,97.1379818350077
2017-05-16,115.85688273647922,117.50685749480077,97.23710811136584
2017-05-17,114.43994802770376,117.35936776009744,97.30333286462745
2017-05-18,114.88507995236425,117.43380293750091,97.25685343925947
2017-05-19,114.74772788734339,117.45907649681527,97.34240719541073
2017-05-22,114.8369304535311,117.44764562091996,97.37441708727971
2017-05-23,115.233144717022,117.47902537847561,97.32479768070685
2017-05-24,115.25263961265914,117.44643622878982,97.35924875228345
2017-05-25,115.49248817514464,117.46558139441547,97.35013771496756
2017-05-26,115.62457870009732,117.33322539499629,97.31561518477456
2017-05-30,115.4697657432581,117.2218326216805,97.31693420434081
2017-05-31,115.11508656243412,117.20191249762205,97.37227103803646
2017-06-01,115.91228463399024,117.21687355853102,97.34405493383447
2017-06-02,115.65745263705738,117.37589441308393,97.4010166115154
2017-06-05,115.72510557421286,117.47149825202777,97.37743622625409
2017-06-06,115.4767690898881,118.07478251390046,97.39278348863789
2017-06-07,115.68186353361733,117.93923383507271,97.37806810701657
2017-06-08,115.92789530225821,117.8226970592841,97.3205179398151
2017-06-09,116.44319767173036,117.571010045532,97.24569951766587
2017-06-12,116.30233942932131,117.52968518229885,97.28201855771862
2017-06-13,116.62100515054343,117.51482087894445,97.3319072787905
2017-06-14,116.75531894417668,117.33453976314333,97.35206836508503
2017-06-15,117.09739264426942,117.37177078133698,97.14121987275487
2017-06-16,116.78149323119158,117.19812829601119,97.28493349422105
2017-06-19,117.76174614662594,117.0740816582231,97.15861159370384
2017-06-20,117.67168689899754,117.0979309598552,97.12710467728527
2017-06-21,117.33651919211152,117.08875162721807,97.21581317188667
2017-06-22,117.38573120148735,116.92462376046043,97.17202773813978
2017-06-23,117.15860121899445,116.91074054267622,97.26788696953588
2017-06-26,117.26200457491136,117.00985595461376,97.23074748939624
2017-06-27,116.18313370541968,117.14915568875287,97.60977630388827
2017-06-28,116.37506909136192,117.1696524192933,97.72952341650009
2017-06-29,115.6026639292445,117.26924306307767,97.90646494218416
2017-06-30,115.84874811848748,117.29061611847891,97.93241945253766
2017-07-03,116.51842286219072,117.42998075118601,97.76228934111664
2017-07-05,116.57702091782893,117.35167084823897,97.76648058815636
2017-07-06,115.78825332227743,117.44190906275347,98.16126976417723
2017-07-07,116.15653285167403,117.54179219906621,98.05709018658345
2017-07-10,116.15093560542657,117.52130712200712,98.0620301805093
2017-07-11,115.80802773893956,117.55867394343464,98.23453169807456
2017-07-12,116.72832731951523,117.3075087452547,97.96486062664938
2017-07-13,116.92114309952183,117.34887015760901,97.85561434948177
2017-07-14,116.7129309936703,117.25035710001954,98.16274618179052
2017-07-17,116.65064270928929,117.0332696346499,98.19695518899796
2017-07-18,116.11968276425577,117.02439001900898,98.47440086164872
2017-07-19,116.68204854921711,116.88386444118596,98.32079951945698
2017-07-20,116.02287232486736,117.14296470224318,98.80785138520814
2017-07-21,115.77882116713117,116.94397480236188,98.91714993233977
2017-07-24,115.70345721179774,116.87172946240656,98.81804082831806
2017-07-25,115.94811826169469,117.03307570195287,98.83596483633112
2017-07-26,115.69305789438998,117.06464467965982,99.25133383079728
2017-07-27,116.4601514248736,117.19744055806173,98.97587064766125
2017-07-28,116.04454405609184,117.26709863858716,99.29406049632863
2017-07-31,115.61630992464393,116.99125732101226,99.21578972120948
2017-08-01,116.1995430380334,117.09134701282954,99.2474275732141
2017-08-02,116.00925899301568,116.87320153480037,99.20419798217512
2017-08-03,115.9455593846606,116.88576192876795,99.19447703503668
2017-08-04,116.92757405561426,116.8917707122626,99.28086657405866
2017-08-07,116.86547160594536,116.86042199183781,99.26102974584987
2017-08-08,116.99156321847587,116.93217979736774,99.29602267585771
2017-08-09,116.85975349336574,117.07665392815343,99.29803902196782
2017-08-10,116.25339137687668,117.1482332470218,99.29103194991458
2017-08-11,116.05036753645267,117.12488242722272,99.24987417506013
2017-08-14,116.61298050268874,117.10037743116929,99.29103987808497
2017-08-15,116.85061862066553,117.04791596827647,99.33441300833
2017-08-16,116.76027841072185,117.2713453062536,99.31397816252604
2017-08-17,116.25002140925564,117.54210154947717,99.34596109971517
2017-08-18,115.8591919947388,117.3184769092466,99.32109514286041
2017-08-21,115.67221976574866,117.36905887067306,99.2796368763308
2017-08-22,116.45786004951746,117.34154773085726,99.40789111262004
2017-08-23,116.00337330150184,117.36783880754611,99.30014174463219
2017-08-24,115.96635698216208,117.26725598549025,99.3480208920817
2017-08-25,115.43824408798973,117.03241247853154,99.06880220750396
2017-08-28,115.49402212308676,117.66867429067833,98.94996742155473
2017-08-29,115.45708111514058,117.66505037452544,99.01420782567173
2017-08-30,115.3571916701422,117.90932838679461,99.21240370864466
2017-08-31,115.3531045945489,118.58140521731623,99.14153377336179
2017-09-01,115.2836469269192,119.21317560126205,99.28668789787442
2017-09-05,115.45816269294434,119.78042753766397,99.1516833365226
2017-09-06,115.43224024561681,119.51998827227882,99.15237631874034
2017-09-07,115.5460039100963,119.72857780445146,98.6715825451911
2017-09-08,115.55159093090003,119.54735291438705,98.70256520406828
2017-09-11,115.3327928208588,119.11093243398723,98.87865912247334
2017-09-12,115.36072501376707,119.23259405773716,98.79697588150584
2017-09-13,116.112535458838,119.2184322623744,98.96592252492873
2017-09-14,116.04164628450249,119.37966565261091,98.8478863388537
2017-09-15,116.10588947240005,118.82154365370978,98.82062839281775
2017-09-18,116.2865410667524,118.20391997692568,98.79830819065441
2017-09-19,116.14923710824469,118.17396367932193,98.57159497601639
2017-09-20,117.06053916915448,118.22397628572642,99.00751677004244
2017-09-21,116.68158236440352,117.53347544911489,98.80110860093876
2017-09-22,116.60763359342931,117.76170103344735,98.80610262660325
2017-09-25,116.97371511018744,118.89071744018314,98.72086672152713
2017-09-26,117.21546622900328,118.98835985724483,98.67745555113194
2017-09-27,117.60389870746504,119.04314202872374,98.65158234909597
2017-09-28,117.50554528182117,119.04275351844515,98.70679198813116
2017-09-29,117.42886201303156,119.14062044359427,98.7242880354014
2017-10-02,118.64051059617061,119.13917390843834,98.66737245366501
2017-10-03,118.88847794821382,119.14537018428805,98.6733322247313
2017-10-04,118.85328026874576,119.13071871668285,98.66951974794436
2017-10-05,119.66791071620226,119.1440996818371,98.62578603675001
2017-10-06,119.5664816231889,119.08404887059307,98.6502649046425
2017-10-09,119.4825108007764,119.02550620291952,98.65866782328855
2017-10-10,119.23893426546417,119.05737039773959,98.71352685912721
2017-10-11,119.018969356005,119.07461004155356,98.75793908075157
2017-10-12,119.0817035563609,119.02693836095379,98.73504610113433
2017-10-13,119.21219761277415,118.92386611640097,98.72735000814727
2017-10-16,119.72800290795614,118.97306216412704,98.66511546784848
2017-10-17,120.1156985051598,119.04094384775814,98.59556495995957
2017-10-18,120.58146711726144,119.09950840036666,98.64629920630969
2017-10-19,120.10661585018579,119.04443789164247,98.80468635054996
2017-10-20,121.27411324516346,119.10730366797989,98.64751686323638
2017-10-23,121.3122250545808,118.95047871109571,98.54948252719115
2017-10-24,121.87469798139027,119.14507824787103,98.57768390664914
2017-10-25,121.3158148549087,119.2759363611259,98.71177961854683
2017-10-26,122.347451086675,119.0777221153633,98.29403053665364
2017-10-27,122.66151237988542,118.76540358741934,98.1808597761589
2017-10-30,122.21235079919295,118.81494020869431,98.28176106388733
2017-10-31,122.31320523545533,118.93486741403862,98.26322023057953
2017-11-01,122.60680154752856,118.76166292251946,98.20060863351405
2017-11-02,122.61692528292089,118.83990138008092,98.28354929240086
2017-11-03,123.10309932847018,118.86085518287194,98.41055250048029
2017-11-06,123.12339095511214,118.52898064020265,98.48390962809603
2017-11-07,123.34130537303525,118.64322089464495,98.54059474197062
2017-11-08,123.30153568801515,118.4987635664154,98.53585885044681
2017-11-09,122.78836266550128,118.53976774324087,98.40871934043761
2017-11-10,122.56355238434736,118.8860713959154,98.32903805009221
2017-11-13,122.59880015843758,118.80157272732988,98.29856245066507
2017-11-14,121.83997801392528,119.14382102304273,97.97112275713134
2017-11-15,121.5163102372234,119.18154508682464,98.00418239896847
2017-11-16,122.11402673709634,119.10542163292544,98.05859332618586
2017-11-17,121.75030394956316,118.7799138973275,98.03790261288168
2017-11-20,122.2348313834715,119.03623534298491,98.18274365811641
2017-11-21,122.82350309088145,118.94829489186944,98.18189889472094
2017-11-22,122.22004688914153,119.01319230336354,97.8750460970353
2017-11-24,121.73346429529127,118.57841996606699,97.37813408466225
2017-11-27,121.97156987891873,118.85337437634455,97.49225980837839
2017-11-28,123.41740371781913,119.01309413491063,97.74403212774465
2017-11-29,123.76621050900741,118.7068617104373,97.74427286157155
2017-11-30,124.60155655123332,118.5705959302242,97.46840084783601
2017-12-01,124.53876288742138,118.63077548052564,97.50551288365308
2017-12-04,125.00082205521423,118.619533977548,97.5619913238309
2017-12-05,124.9297484019906,118.56256849686005,97.64931412316459
2017-12-06,124.98571732627278,118.57018417082811,97.73160431920788
2017-12-07,125.2908441546283,119.21370138426427,97.79277680545711
2017-12-08,125.74757665941888,119.15300583706409,97.79860821731194
2017-12-11,126.00015902024364,119.58590171436197,97.79691487097682
2017-12-12,126.67876896796957,119.3292281176714,97.87022448137648
2017-12-13,126.314315179681,119.22892211670731,97.65008386008567
2017-12-14,126.37368846024043,119.10706708743712,97.85231460383788
2017-12-15,127.1623210675975,118.79425776124826,97.82751161947651
2017-12-18,127.4370804485752,118.68625724066324,97.84909327169942
2017-12-19,127.02916679790007,119.00315690979353,97.89831594115223
2017-12-20,126.79139504347587,118.97650768336142,97.93681739555436
2017-12-21,126.91799513263116,118.94313453210744,97.94318853666185
2017-12-22,126.9098318626606,118.52764194878165,97.92807563993071
2017-12-26,126.91110720135872,118.09169259496419,97.92347288970694
2017-12-27,126.822821845682,118.05341781558481,97.95530933194107
2017-12-28,126.62635519622471,117.96646894208828,97.99847863527792
2017-12-29,125.99939815173417,117.97586652696805,98.04520902901722
2018-01-02,125.98315966837016,118.05609870441494,98.08911350938513
2018-01-03,126.70612277879965,118.06021226332174,98.05319240248198
2018-01-04,126.86750909581986,118.09607984832041,98.09949245833944
2018-01-05,128.01634362830941,118.119064979903,98.0683399258571
2018-01-08,128.31522975690086,118.32451849584976,98.0175315605575
2018-01-09,128.9493686940817,118.21024752669848,97.99876551800699
2018-01-10,128.8477103027167,118.23570747654841,98.02598765687212
2018-01-11,128.95076032090506,118.20264486114907,98.20604483785235
2018-01-12,128.45524491174828,118.11050453581805,98.61651101444063
2018-01-16,128.12580370039774,117.96317652012951,98.76625614695982
2018-01-17,129.91923586205388,117.8702968651162,98.61010714363191
2018-01-18,129.40088707238954,117.72508756467867,98.72404859953208
2018-01-19,129.6198249261329,117.89950300001134,98.68330406718998
2018-01-22,129.8337248267086,117.83918127469218,98.78184107914832
2018-01-23,129.6290734020404,117.92544944111523,98.8513444481175
2018-01-24,128.9268954299336,118.18254281917416,99.12357816693086
2018-01-25,129.5391369449256,117.95039507636456,99.10864393816415
2018-01-26,130.11899324761586,117.84080144936034,99.16703186890769
2018-01-29,129.91542206465033,117.66490929884569,99.08315517402406
2018-01-30,128.92644337486485,117.49851876888145,99.21732326358277
2018-01-31,129.04317991577227,117.72892325619057,99.21639304648141
2018-02-01,128.63942777030084,117.43570692205078,99.46838378978734
2018-02-02,127.24060818374403,116.98419386600413,99.33989666624694
2018-02-05,124.78208547205686,117.71586882161132,99.10056211999894
2018-02-06,126.18360913771438,116.98743865573859,99.09296351266725
2018-02-07,126.71530000144452,117.26916373775369,98.81905194522764
2018-02-08,127.22421535913469,117.36703247379093,98.78973774304161
2018-02-09,127.053288295486,117.24922933153827,98.78607667967125
2018-02-12,126.87980382584298,117.32695929981318,98.88251606464979
2018-02-13,126.92132712358628,117.32348487437537,99.01484396239819
2018-02-14,126.89294153036055,117.23135813723661,99.38565130537268
2018-02-15,126.79300552153214,117.25751081974671,99.34522708959152
2018-02-16,126.68116077242115,117.22158587110512,99.42995785028408
2018-02-20,126.73892913093586,117.3115361455139,99.48357857551187
2018-02-21,126.76937855949556,117.30134068244074,99.53047873843583
2018-02-22,126.7327902926466,117.27964077658642,99.49663473069155
2018-02-23,126.51978278327223,117.27574551578758,99.5289275266013
2018-02-26,126.34314519685296,117.2529044246268,99.51641764945975
2018-02-27,126.40445489015049,117.30800413008032,99.58807084277936
2018-02-28,126.55408020586314,117.27093190283452,99.61396812975411
2018-03-01,126.84060122839766,117.35203750337227,99.55600074896175
2018-03-02,126.928496768982,117.34891541423544,99.49982223072672
2018-03-05,126.77414918335299,117.3903744986366,99.50954642509552
2018-03-06,126.96841333874501,117.32693735575761,99.32623994883693
2018-03-07,127.11650761251136,117.41254517867291,99.31732302492021
2018-03-08,126.66440136318596,117.35009938290929,99.54497230825348
2018-03-09,125.9762779807124,117.32810382387638,99.56304176822319
2018-03-12,126.29288428074578,117.36112722485919,99.49765660215195
2018-03-13,126.7211493238243,117.38406125692003,99.35880884528355
2018-03-14,127.0325990799379,117.36556784691551,99.35051873120022
2018-03-15,126.65872251848837,117.41903251961129,99.52101197517622
2018-03-16,126.81652206414572,117.4258834584195,99.57926256420261
2018-03-19,126.16778473759369,117.48469487443097,99.47422412316396
2018-03-20,126.63564137523707,117.36634682119279,99.69694424770613
2018-03-21,126.27150333222438,117.08269205407521,99.46422646570467
2018-03-22,127.27571405931975,117.06478448964927,99.55749751302088
2018-03-23,128.10740559667468,116.72819837253252,99.45192895319647
2018-03-26,127.30324409120179,116.82508821563432,99.22786385088183
2018-03-27,127.7230230748448,116.92876086960375,99.15122302871382
2018-03-28,127.44230730121602,116.67284415120136,99.38280141023881
2018-03-29,127.00886762727126,116.70856198694487,99.40021556585529
2018-04-02,127.74041380169378,117.11988873208941,99.41296949277275
2018-04-03,127.00806468881534,116.9869659285509,99.3034653669922
2018-04-04,126.66699810854809,116.97594078442688,99.33076446309215
2018-04-05,126.17054995959644,116.91009358255286,99.25211404213503
2018-04-06,127.1781948227731,116.96322759825833,99.35348684663161
2018-04-09,127.22842452582555,116.93641932023691,99.44040457677268
2018-04-10,126.27401338202893,116.92317010432025,99.46397257479711
2018-04-11,126.89499937320944,117.25141670952459,99.47150304266914
2018-04-12,125.91652361381821,116.88473229425699,99.44186917181311
2018-04-13,126.25290740746173,117.35856629544017,99.40598361595573
2018-04-16,125.95323990594291,117.11459147979605,99.20269743325096
2018-04-17,125.35449092641397,117.23116159018714,99.2395051866738
2018-04-18,125.47222592980222,117.29439987383115,99.23661743305742
2018-04-19,125.53620651158525,117.26314349549291,99.33669783798923
2018-04-20,125.4911759170619,117.13367913672678,99.30848113136203
2018-04-23,125.56501935965966,117.00406449413217,99.2409033545432
2018-04-24,125.32276444830896,117.13256371487333,99.25774330480725
2018-04-25,125.428289723708,117.15957979905315,99.10530104534527
2018-04-26,125.6132084527664,117.15871067770529,98.96083698109449
2018-04-27,125.57950275960074,117.3479069870788,99.01117992229703
2018-04-30,125.55676978948584,117.37402476283766,98.88329662979928
2018-05-01,125.61221397951789,117.39453909695173,98.62544967882076
2018-05-02,125.56530861312484,117.34325333159018,98.53130784675193
2018-05-03,125.74555727269495,117.31582355393138,98.62254053920263
2018-05-04,124.7230944942198,117.26649035054548,98.5532738719343
2018-05-07,124.27985887578534,117.23170834405734,98.45313631301427
2018-05-08,123.96866401961206,117.17063197180393,98.3126776239051
2018-05-09,123.43622412999794,117.17482105831387,98.28619662921507
2018-05-10,123.27501779505819,117.15892202088837,98.44652106463037
2018-05-11,123.29167273463688,117.20673111162358,98.38314128361672
2018-05-14,123.342140203203,117.31435059813644,98.416857024101
2018-05-15,123.33854724036115,117.66984621388619,98.62107764886431
2018-05-16,123.4011735834955,117.57467416336827,98.69624615316985
2018-05-17,123.38736760310813,117.5071452380529,98.66754596159804
2018-05-18,123.46135524344238,117.28973863586371,98.60774514921403
2018-05-21,123.84783851347026,117.40416260824352,98.65345423062233
2018-05-22,123.6197137045956,117.41073107268217,98.60954248593761
2018-05-23,123.95849767708177,116.89525065296343,98.38832622674933
2018-05-24,123.77359400773294,116.50392846734444,98.45015677213958
2018-05-25,123.90517635982127,116.26584321514225,98.64082848024977
2018-05-29,123.66893881593623,115.8635218047076,98.93734665046284
2018-05-30,123.73289346961036,116.36913615324949,98.63290307280738
2018-05-31,123.2657970545021,116.63647477362115,98.54836662652264
2018-06-01,123.70685974464793,116.69657484670853,98.61101453857732
2018-06-04,123.84792446539487,116.95811538171252,98.50009438066809
2018-06-05,123.76718581820758,116.85501057151917,98.46000636293893
2018-06-06,124.10675883764611,117.13290595932304,98.31756754069451
2018-06-07,124.16509985666532,117.22679087564643,98.25452918410144
2018-06-08,124.37436546584067,117.02754970947962,98.33021175548237
2018-06-11,124.33537806813673,116.9975939434543,98.27088436923596
2018-06-12,124.45690194410753,117.00733938002867,98.41770029362026
2018-06-13,124.13567237911356,117.08539000010828,98.24847745847242
2018-06-14,124.81457709326602,115.8218234545749,99.1622704453653
2018-06-15,124.55340436500398,117.68533342431066,99.19748773158787
2018-06-18,124.35837535795221,117.8267946881458,99.2085826927899
2018-06-19,124.03448598818085,117.82891582399871,99.17439623352452
2018-06-20,124.02837673967171,118.16363024174312,99.16489561233814
2018-06-21,123.63066993375574,118.45472593066395,99.19027428818649
2018-06-22,123.66104119834398,118.53677294784477,99.22701199554639
2018-06-25,122.55951284460981,119.2820556677744,99.35984845300415
2018-06-26,122.48519945586449,119.32071482968512,99.22448245136974
2018-06-27,122.46971738667702,119.07202880521046,98.98031419243257
2018-06-28,122.43566301848897,119.47980604437542,99.012916136669
2018-06-29,122.52845619234601,119.86165997046966,99.30917628939791
2018-07-02,122.46295542146527,120.27489034556116,99.44419194643775
2018-07-03,122.54949034323091,119.85615338648347,99.49873348592078
2018-07-05,122.49212174101555,119.77821012694416,99.42236700457535
2018-07-06,122.4995527800546,120.17378816906997,99.28663843417708
2018-07-09,122.34449407653041,120.09410834892012,99.27396462278645
2018-07-10,122.26651300212305,120.16055106656954,99.28382067559248
2018-07-11,122.30139789891155,120.60076115717187,99.46043401653453
2018-07-12,122.18815437072517,120.32674290811092,99.46554678730304
2018-07-13,122.15546370143021,120.54158258887368,99.42839907480204
2018-07-16,122.16068607356252,120.98805046986004,99.36217573667692
2018-07-17,122.08112534800225,121.58229211524178,99.48998918629961
2018-07-18,122.38980828113786,121.41216401068542,99.54046087001869
2018-07-19,122.04679434834325,121.7723282313435,99.54661749823373
2018-07-20,121.78145377173453,121.87386965912162,99.34363690048158
2018-07-23,121.86122622626353,121.95706543580413,99.34404549940136
2018-07-24,122.16550959040147,121.92998084640658,99.32535390293226
2018-07-25,122.3815357458516,121.79557151213811,99.39459406299295
2018-07-26,123.18012777730975,121.7888005843273,99.20821089100352
2018-07-27,123.02584310184697,121.78582642280114,99.25185048243239
2018-07-30,122.66307233674239,122.37396807141035,99.62744375251039
2018-07-31,122.86805631538905,122.16003623104805,99.53936425167578
2018-08-01,122.84772858471288,122.53104987081541,99.75317319043118
2018-08-02,123.07510383043856,122.55452726020057,99.35323327530166
2018-08-03,123.32854054026355,122.1052640503254,99.27028599102015
2018-08-06,123.49927715342979,122.54221832893678,99.20683263929813
2018-08-07,123.598427455033,122.61163227230219,99.39598506287291
2018-08-08,123.43108370067115,122.52253674930013,99.45629977299087
2018-08-09,123.69440700162669,122.15309715293517,99.10824350471349
2018-08-10,123.83200498795993,121.6396933194563,98.54656573015586
2018-08-13,123.54137717207446,122.90245708865967,98.49753214068662
2018-08-14,124.17757352575953,122.51437573760742,98.23735224716883
2018-08-15,123.83466581622633,124.00287143229257,98.2090042484853
2018-08-16,124.63299602349987,124.31892524253455,98.36991030859907
2018-08-17,124.53678446091325,124.11911689104288,98.59642074997039
2018-08-20,124.50280099326291,124.03170792509776,98.76248503994941
2018-08-21,124.01335890239943,124.22388622530063,99.14556361534531
2018-08-22,123.66184995855932,124.37298390528802,99.2731362050764
2018-08-23,123.78224741952674,124.600975788468,99.02464874541529
2018-08-24,123.66502161047408,124.00792662426807,99.37725463281592
2018-08-27,124.14826193092027,123.996557267157,99.60238125887444
2018-08-28,124.06423912293887,124.61715363872456,99.58724203894786
2018-08-29,124.18480321894735,124.39078821320307,99.57438959483144
2018-08-30,124.04815832069563,124.54122928320888,99.59647291652944
2018-08-31,124.36397035215948,124.10981439308492,99.66037126812554
2018-09-04,124.44174374538447,124.50102985665751,99.67027824743802
2018-09-05,124.23868702506604,124.48688265923661,99.63244444675705
2018-09-06,124.32606337545499,124.28025787360527,99.64308726253815
2018-09-07,124.51186269224065,124.06264792931694,99.70279475173736
2018-09-10,124.149354447572,124.33623422770145,99.6648940895717
2018-09-11,124.3585435882499,124.25977846883453,99.65922497005535
2018-09-12,124.31816467796119,123.97079759126838,99.6440651035314
2018-09-13,124.3322473627495,124.55392845815763,99.57963145210816
2018-09-14,124.88477080942435,124.55077271666977,99.63397780985966
2018-09-17,124.35491743554984,124.5171357262197,99.88129317033949
2018-09-18,125.1451992782281,124.50203997645069,99.83610076151763
2018-09-19,125.66453070055445,124.55462177083396,99.87504589498587
2018-09-20,125.7209899216264,124.47682601633487,100.309440260424
2018-09-21,126.25246870394541,124.43269244703141,100.2334312492215
2018-09-24,125.8295050767555,124.42327800165071,100.22916527070392
2018-09-25,125.56276195569346,124.42587648328175,100.32008794060869
2018-09-26,125.45850113286097,124.38515795670067,100.16693029533066
2018-09-27,126.11760916600191,124.36795121363956,99.72511571614733
2018-09-28,126.36265145060717,123.74511851712886,99.5961031306379
2018-10-01,126.96620532332265,123.70459120847444,99.48760004993218
2018-10-02,127.65323785767083,122.79651239482817,99.33843442064067
2018-10-03,128.4330127811231,122.72853883337682,99.02553546086199
2018-10-04,127.75283650090618,122.78910124486403,99.24936640681064
2018-10-05,127.26495118219073,122.65271720730412,99.24944623639387
2018-10-08,127.53799659433463,123.27644804205727,99.11126392349948
2018-10-09,127.40820431115151,123.18339826708643,99.13336748380358
2018-10-10,125.24797255274179,123.07922697785651,99.24496109637084
2018-10-11,123.52654709064616,121.96709447847272,99.51799419295925
2018-10-12,124.41282351745924,121.93156598049588,99.39256346374053
2018-10-15,124.47707911759315,122.1719080270789,99.44767013357209
2018-10-16,124.20150273218853,122.12468990147255,99.43943705324763
2018-10-17,124.16711541838853,122.27717382682872,99.11385597127683
2018-10-18,124.27379587872248,122.53699881358568,98.90947426663107
2018-10-19,124.30802897039297,122.36252688852045,99.15837809122344
2018-10-22,124.3160942461492,122.39066592961454,98.9520839791118
2018-10-23,124.38550266140224,122.61447315540437,98.95263002122906
2018-10-24,124.60153877089327,122.97463119246142,99.03119526987986
2018-10-25,124.37929963454906,122.98125396033579,99.05984001367005
2018-10-26,124.55695440831481,122.93128198131366,99.04010747232499
2018-10-29,124.83077721404369,122.90536080152138,99.07150330636932
2018-10-30,124.07527588253843,122.80123932454728,99.09002727648209
2018-10-31,123.6048218633634,122.66187551483429,99.11365912519413
2018-11-01,123.52893773568343,122.91301867424424,99.03155843551097
2018-11-02,123.62461656715554,122.96160602669771,99.0482921844756
2018-11-05,123.40673735530008,122.85834425417268,99.03638921556784
2018-11-06,123.21997828973748,122.66536446679144,98.97651617670041
2018-11-07,122.43035946509518,122.64759249840816,98.99094029626436
2018-11-08,122.21131696168904,122.77647810019582,99.14766663293709
2018-11-09,122.407320336308,122.43135388130294,99.218511384148
2018-11-12,122.88077545110737,122.5329647542074,99.5435859263314
2018-11-13,122.50040268511202,122.35513200166088,99.36298105268398
2018-11-14,122.13656956276272,122.55385727617687,99.31816148232684
2018-11-15,122.38286236404831,122.53709706278882,99.2787056710372
2018-11-16,122.28161681496043,122.51661328669054,99.06542100689875
2018-11-19,121.58733797057667,122.61750820140192,98.93745634875212
2018-11-20,121.04633383083994,122.42172435525546,99.13497127648779
2018-11-21,121.00026680078251,122.33537736689622,99.1141337074228
2018-11-23,121.2126024352416,122.27310151557886,99.23345092584091
2018-11-26,120.65280559625641,122.26989048886152,99.30212428879915
2018-11-27,120.36784074305451,122.30142198136585,99.49080624167317
2018-11-28,119.71730626421774,122.32249252819234,99.1145703099569
2018-11-29,119.92411531319043,122.32170350330767,99.03662170525438
2018-11-30,119.04588161015158,122.27667529465941,99.35597774114831
2018-12-03,118.57086322265259,122.58421726305792,99.15736409828175
2018-12-04,120.35010753445013,123.03599239750046,99.33775272540448
2018-12-06,120.70450443417313,122.83067807801086,99.2180771048195
2018-12-07,122.0820593027263,123.64795334092837,99.18319920872104
2018-12-10,121.8723836760032,123.53267359412207,99.4272728016483
2018-12-11,121.79512996399643,123.68526627787132,99.58216195512358
2018-12-12,121.68306614596396,123.5217395343555,99.31523204116512
2018-12-13,121.46618876201093,123.38313946093406,99.35347634155147
2018-12-14,122.87219441476711,123.53500664776806,99.90360642253574
2018-12-17,125.14674693544374,123.64562770148596,99.66066598733514
2018-12-18,124.99936724065186,123.8049422298042,99.68804276556803
2018-12-19,126.51489583487655,123.40961887155228,99.6237729471541
2018-12-20,128.97154884280812,124.08533295652391,99.22530005952547
2018-12-21,130.10630358026722,124.3443245442614,99.4793809095293
2018-12-24,133.22832557143514,124.97472681540215,99.33111250031818
2018-12-26,129.58140768331103,125.16355845852488,99.59245599739522
2018-12-27,129.28549210252208,125.16177886253686,99.2375218227042
2018-12-28,129.5778055048564,125.41440941589025,99.22562081968701
2018-12-31,128.96462011948628,125.35621500205063,99.12610964506187
2019-01-02,128.21298045460148,126.53123492500093,99.66350877615947
2019-01-03,130.298694568338,126.82749703038871,99.4448333575704
2019-01-04,128.15956880887197,126.4187353379748,99.6143619663918
2019-01-07,128.3341071388241,126.13777519058698,99.2261241818165
2019-01-08,127.44865901838044,126.13227317651531,99.30079933022706
2019-01-09,127.76835537355277,125.97229696008927,98.83301751399925
2019-01-10,127.19972695646985,125.87008992056994,99.05359373723924
2019-01-11,127.04368240489366,126.21676539936111,99.20699895718242
2019-01-14,127.27163194412601,126.28866566874188,99.20699895718242
2019-01-15,126.54282989205741,126.48993150014617,99.43078482941196
2019-01-16,126.05330426094123,126.81092356572877,99.54855669679068
2019-01-17,126.1414943222631,126.74820483957606,99.55840502094549
2019-01-18,126.34480091286667,126.40454763935715,99.64941646997127
2019-01-22,126.19372464144564,126.57458792150588,99.6854493010763
2019-01-23,126.25877153367988,126.3349326349036,99.5836985718467
2019-01-24,126.33319964349087,126.69034712432362,99.91629569935634
2019-01-25,126.31403019054876,127.60755880165956,99.51173500985477
2019-01-28,126.18320878990286,127.39252046544385,99.41920316156093
2019-01-29,126.20429594730862,127.96843713355729,99.38769985775882
2019-01-30,126.37500948283935,128.16716534546757,99.18749172242993
2019-01-31,126.40263899822968,128.5337208692597,99.33915028390851
2019-02-01,126.42626006172252,128.3298969298606,99.38464300213833
2019-02-04,126.5348099915324,128.15147331339836,99.41075884088292
2019-02-05,126.65685749634206,128.48156573253752,99.53715495275954
2019-02-06,126.69528860049468,128.30280411667627,99.73643078758509
2019-02-07,126.60838241322867,128.59424550265285,99.79932681989011
2019-02-08,126.57323796967181,128.90192835660798,99.9474209629931
2019-02-11,126.65068275579928,128.8667398870757,100.15571862108378
2019-02-12,127.0456092747867,128.7137155343609,99.88244803121283
2019-02-13,127.44277297060222,128.86149697548143,100.17071546403535
2019-02-14,127.17266702618802,128.97735592122538,100.05919848740993
2019-02-15,127.83489353110623,129.69980608968118,100.06786597288237
2019-02-19,127.69463219562681,130.66552127722431,99.80431001374605
2019-02-20,127.79818454779065,130.56097186200589,99.82411594931943
2019-02-21,127.65157532918202,129.85002534775634,99.83732485668745
2019-02-22,127.92338002398664,130.13880084190737,99.84393076702202
2019-02-25,127.93414737650012,129.9181328870894,99.73306337967972
2019-02-26,127.77984670425803,129.80865940656435,99.5908241509343
2019-02-27,127.73660052008817,129.4719462580197,99.65771928157733
2019-02-28,127.63124740599808,129.14551004848133,99.63377259610802
2019-03-01,127.8145391665594,128.20163301817036,99.63070332577253
2019-03-04,127.59391612855828,128.01017545981983,99.69473762040202
2019-03-05,127.6828807646273,128.25465174996262,99.83579844476762
2019-03-06,127.48858633446123,128.26994891906617,99.87622039999609
2019-03-07,127.57679819980649,128.14686161140742,99.7738360223723
2019-03-08,127.28098205323026,128.06874863232576,99.80071459372431
2019-03-11,127.72565880063922,128.12892265199153,99.81024232076771
2019-03-12,127.24373686120703,128.09650956006038,99.84631117018313
2019-03-13,127.3924488642749,128.06666418740508,99.80353458815033
2019-03-14,127.53955684244238,128.16754986263072,99.7871521751514
2019-03-15,127.7596146657753,128.13096188878356,99.80979325516111
2019-03-18,127.85867894354179,128.13051874629406,99.82013015749432
2019-03-19,127.88873966354815,128.11947610771006,99.76396876955903
2019-03-20,128.02672675754974,128.12972506830178,99.47138548729514
2019-03-21,128.78721443192632,128.11684279527253,99.64192285471226
2019-03-22,128.0487782290744,127.99268611842545,100.27065417258817
2019-03-25,128.0528188352568,127.92398370032844,100.23854064855831
2019-03-26,127.92953631986664,127.93189824942792,100.39059322715747
2019-03-27,127.92056200899664,127.96688051414446,100.51182292219598
2019-03-28,127.8483871193739,128.1279688814301,100.80456147065644
2019-03-29,127.73993689947879,128.10507601552257,100.81146302044854
2019-04-01,127.99226364693261,128.14557576247537,100.7944602044017
2019-04-02,128.02066185253403,127.97307262915405,100.76249446729982
2019-04-03,127.9505200544215,128.14714669772425,100.62585490167584
2019-04-04,128.66321553653032,128.03800948482908,100.65001773397947
2019-04-05,128.85390909892726,128.03426837274358,100.64280311997814
2019-04-08,128.38118474281734,128.02517922094307,100.4885882675997
2019-04-09,127.9171003447488,127.82921627281841,100.47873064661995
2019-04-10,127.87077375090796,127.75235409694913,100.4526932122394
2019-04-11,127.95553485611288,128.1349676814243,100.53984412613394
2019-04-12,128.35130249898273,128.35337001599,100.30572375795894
2019-04-15,128.25605443055923,128.4443717045374,100.32262428450052
2019-04-16,128.70018729055798,128.70037826346154,100.31204844513452
2019-04-17,128.60715677126814,128.8365103020895,100.33390875484663
2019-04-18,129.57753823036808,128.55320284205132,100.26368126761679
2019-04-22,129.30414012382656,128.67073296289973,100.28707386989001
2019-04-23,130.09635632609184,128.6456019712003,100.25961670187097
2019-04-24,130.37047119599546,128.29453970000097,100.18828985180774
2019-04-25,130.1736774916527,128.17239215806185,100.16956271129314
2019-04-26,130.26228128786158,127.96770891252554,100.18007871449969
2019-04-29,130.0855454822317,128.27409753279687,100.21142417091849
2019-04-30,130.0114639774232,128.264746246733,100.2373370670483
2019-05-01,129.72321835967318,128.40275011289506,100.22032644357319
2019-05-02,129.56165447736126,128.50352856738226,100.19879683531462
2019-05-03,129.89560704132336,128.33817950473446,100.22206142468521
2019-05-06,129.7269438828085,128.28172341231678,100.2229563444229
2019-05-07,128.61107937026713,128.154106944559,100.21382176725238
2019-05-08,128.61088082281395,128.3369171439433,100.21406121035673
2019-05-09,128.70594450692124,128.30853324637604,100.27768155864798
2019-05-10,128.66984705383533,128.3130694342955,100.32392152811873
2019-05-13,128.96374499117312,127.55807742700694,100.29639177958308
2019-05-14,128.83741444900937,127.6025496274394,100.344731704218
2019-05-15,128.7754283975166,127.6017353913247,100.35279440027495
2019-05-16,128.63627361931128,127.53617851644972,100.43936873571833
2019-05-17,128.6669798576233,127.46324715941596,100.46875528706992
2019-05-20,128.71816829996231,127.45700626846002,100.41955751541632
2019-05-21,128.61339754487636,127.43138202614175,100.43897795170498
2019-05-22,128.6508176471377,127.43054436550197,100.48055941329218
2019-05-23,128.82890311478886,127.49610961032536,100.410762210834
2019-05-24,128.8061723067837,127.4857456775148,100.36734984147604
2019-05-28,128.87678038106654,127.4790914331522,100.48929800223759
2019-05-29,128.9560439037417,127.5167997418127,100.61726386183047
2019-05-30,128.88214923786214,127.0633605243974,100.59903120273152
2019-05-31,129.5637549128237,127.1841900009599,100.5263211247714
2019-06-03,129.80533953054712,127.293697353531,100.32142052171746
2019-06-04,129.0402524003573,127.28326811226522,100.31752190797842
2019-06-05,128.61549906342353,127.3646517831743,100.58185473222568
2019-06-06,128.53144763208766,127.32147615401878,100.31374466919283
2019-06-07,128.33609006060286,127.28338512992399,100.03106967130967
2019-06-10,128.14431496953387,126.99013873128895,100.1708019277033
2019-06-11,128.21270986466192,126.91038335619015,100.06980063486411
2019-06-12,128.1445274821266,127.23600721000044,100.23941420948968
2019-06-13,127.9561785412214,127.76282904625819,100.27849773684476
2019-06-14,128.16369043439212,127.97784995190578,100.6353110858697
2019-06-17,128.16316379768597,127.88530168545135,100.56426612405876
2019-06-18,128.76649653309275,128.4017865075103,100.68848710435603
2019-06-19,128.71235830129976,128.9205685062334,100.52717693335323
2019-06-20,128.95394007798433,129.95376819854707,100.21645378553629
2019-06-21,128.6464347694368,130.0481635354796,99.71885577376966
2019-06-24,128.5569785762724,130.88389386715326,99.55209894146658
2019-06-25,128.40606918867383,131.27569846121273,99.70196212850996
2019-06-26,128.38275390492404,130.598409639689,99.673754518601
2019-06-27,128.36789184458692,130.6345582413636,99.65755161943353
2019-06-28,128.46084042344225,130.60093298226698,99.67566596665733
2019-07-01,128.92942242386118,129.9203987581673,100.0174126127721
2019-07-02,129.11951997270063,131.5435102458133,100.0120834789115
2019-07-03,129.63929866350978,131.59036411814427,100.18072921233187
2019-07-05,129.83937657496395,131.00037168871486,100.54529723556307
2019-07-08,129.62311021791902,130.88096934537634,100.53250884900018
2019-07-09,129.6030137038994,131.01359122513358,100.53979393108796
2019-07-10,129.54023719001066,131.76289587707927,100.28576746180994
2019-07-11,130.3383761508686,131.03936080821114,100.30505419005986
2019-07-12,131.07869705881436,131.50282416575817,100.15561084833243
2019-07-15,131.28117186670167,131.49759161436086,100.20898921616777
2019-07-16,131.499667357404,131.40438725395285,100.43544477223895
2019-07-17,131.14535304661413,132.71408365598043,100.44707753045384
2019-07-18,130.84465327722867,133.60253877456464,100.48646676410942
2019-07-19,131.00505964998925,132.9735375492032,100.43565987270298
2019-07-22,131.11792699301037,133.02183552428104,100.42228855531523
2019-07-23,131.8829539068778,133.03102179059474,100.36504661407636
2019-07-24,131.7627733731453,133.47979426557185,100.35488903754631
2019-07-25,131.40997111448883,132.91023472439144,100.3572754283353
2019-07-26,131.64697142624172,133.22699496847605,100.34079426676192
2019-07-29,131.6164178875846,133.49570402020703,100.3587065760348
2019-07-30,131.50107330303254,133.62656474492277,100.3624840504833
2019-07-31,131.1574544743016,133.29895332396003,100.28892811565292
2019-08-01,130.4191805404268,134.7239205690769,100.314010803802
2019-08-02,130.04325728680428,134.3821022051998,100.32751463982359
2019-08-05,130.52707258663003,135.11364391529452,99.83972295874558
2019-08-06,130.3641140518907,135.89227302240056,99.84459990709928
2019-08-07,130.37535772584422,137.7406741126355,99.95145830357507
2019-08-08,130.16683954507937,137.8480659549148,100.08858362440306
2019-08-09,130.23478550299149,137.5416342366279,100.10982664774265
2019-08-12,130.43910597138904,138.39085183340146,100.01609085500132
2019-08-13,130.2006072548917,138.21363190414638,100.39242993949215
2019-08-14,130.5609356943193,139.53957525977196,100.48138893996753
2019-08-15,130.47194629111667,140.32075838262233,100.78154053060055
2019-08-16,130.29530969399383,139.97762723526188,100.8392378180801
2019-08-19,130.15533464345805,139.23869304594783,100.89385376201477
2019-08-20,130.26728779967175,139.62463367531262,100.77801544255446
2019-08-21,130.12893094629885,139.50806470222946,100.88517901241983
2019-08-22,130.0375174293978,139.32637508880356,100.94375311622039
2019-08-23,131.18253276173442,140.73055763897494,100.61503748584165
2019-08-26,130.6175874147699,141.15414073775963,101.12062395304696
2019-08-27,130.75835344517927,142.34423943049018,101.11993059322431
2019-08-28,130.32251977732642,142.24584552404633,101.18448612390932
2019-08-29,129.75757639772067,141.85401808338162,101.31977299361098
2019-08-30,129.43072828119182,141.99949164761162,101.63618645196992
2019-09-03,129.8222371155313,143.9501771442062,101.6797861262619
2019-09-04,129.68540569093247,143.73159393812088,101.41829344735943
2019-09-05,129.1352600438289,142.18091653741652,101.33991764098589
2019-09-06,129.01366974851172,141.6469245267757,101.32824355779852
2019-09-09,129.0019695178369,141.16430127045857,101.2607013082776
2019-09-10,129.12614353221383,140.5674288527257,101.18230586813985
2019-09-11,129.5708927246226,141.31992223906354,101.2453622243918
2019-09-12,129.44240036227498,141.065435759516,101.02635944284174
2019-09-13,129.46726433891558,140.51004904431372,100.81997561020836
2019-09-16,129.5165131623369,140.32402434271512,100.75399035210515
2019-09-17,129.31231036936472,140.38782093288282,100.8214538794779
2019-09-18,129.51566255566146,140.40236766336625,100.75848083412463
2019-09-19,129.40218579314956,140.36913218114867,100.73851296437653
2019-09-20,129.25741384672406,140.17085428046138,100.71917680673145
2019-09-23,129.36359912915344,140.09079947249268,100.69718772055515
2019-09-24,129.0642125730201,140.03671583671024,100.70238349291854
2019-09-25,129.5736542568596,140.19428705623167,100.83908916641835
2019-09-26,129.53701901044792,140.15922724819222,100.82593050293515
2019-09-27,129.25413533817112,140.25581550754865,100.84733179293985
2019-09-30,129.73084848637203,140.4336475253201,100.81918031240168
2019-10-01,128.7032220673599,140.4140954512037,100.37714445681016
2019-10-02,127.35605888764226,140.25506390517077,100.41724046174404
2019-10-03,127.61997263943312,140.20907735579473,100.51308564497201
2019-10-04,128.4450717177208,140.23188695665507,100.49433262612368
2019-10-07,128.48199624944732,140.32574655996535,100.56014143707316
2019-10-08,128.61813020718813,140.1948295137331,100.53033842217424
2019-10-09,128.54520374043113,140.21216164301677,100.48887421323147
2019-10-10,128.44450113870735,140.3629904053155,100.32718149549797
2019-10-11,128.10992877977483,140.6439842689544,100.0332960865619
2019-10-14,128.10648495646242,140.4674141652287,100.0741185978877
2019-10-15,127.99996135747342,140.83444277131093,100.03062133778775
2019-10-16,128.05581841678267,140.72400588807045,99.90168649802317
2019-10-17,128.1055443020423,140.8760690607304,99.74924329427974
2019-10-18,128.27446505829798,141.08638740500822,99.87531747602132
2019-10-21,128.22734209258024,141.17974662961984,99.86076553294123
2019-10-22,128.19772058038495,140.9936375496868,99.793443668537
2019-10-23,128.27858614402567,140.8864569041299,99.79329701609355
2019-10-24,128.36067883136997,140.45075713266323,99.70956960612475
2019-10-25,128.8656904442023,140.34123976751533,99.66810379267758
2019-10-28,129.0660964912424,140.75562918539885,99.75878060920505
2019-10-29,128.9504813191289,140.9366046028795,99.83577772714165
2019-10-30,128.9985579136789,140.85961450179389,99.92110661810399
2019-10-31,128.65956869929673,140.3738115682413,99.88870806490165
2019-11-01,129.29425492710612,140.3890836220597,99.83879699827854
2019-11-04,130.03367153108397,140.40676499451916,99.73651785685327
2019-11-05,130.60928712029977,139.87361770966038,99.69263467555345
2019-11-06,130.6410547129937,140.1047607057443,99.88338956050362
2019-11-07,131.2220736718844,139.541819967539,99.81461556094817
2019-11-08,131.53087695838732,139.69127201451423,99.75939416221841
2019-11-11,131.4592747280461,139.83831624615567,99.77858263171164
2019-11-12,131.6742140454323,139.733576461646,99.8134951546186
2019-11-13,132.02067244829294,139.5169428952776,99.77076213499971
2019-11-14,131.9269706164643,139.3505740926484,99.74497700913213
2019-11-15,132.45919874811122,139.55067500519334,99.83714600656735
2019-11-18,132.3817036611819,139.53616052625753,99.86671738534658
2019-11-19,132.10469996111493,139.53182241675538,99.87747934463195
2019-11-20,131.8673727184702,139.53709576138544,99.79626660386556
2019-11-21,131.82080474298948,139.68917126013233,99.75263009061291
2019-11-22,132.3084789579458,139.61589273713076,99.66547494918213
2019-11-25,133.05136366835663,139.78049178658677,99.61752498108753
2019-11-26,133.18415379537683,139.63059904932592,99.61342264637948
2019-11-27,133.53456935906308,139.74642584682346,99.43567911240508
2019-11-29,133.15298005768793,139.54420730804802,99.65069902294044
2019-12-02,132.15298029764895,139.8184973781958,100.0544428250906
2019-12-03,131.4688013225141,139.3948658799242,100.18279919100014
2019-12-04,131.84393592039348,139.51220172037776,100.10229726840328
2019-12-05,131.75620415644374,139.60899106577685,100.19660597393212
2019-12-06,132.8242437176722,140.08291466226825,100.07046258016958
2019-12-09,132.55032188678913,140.03583143631752,100.19110196966543
2019-12-10,132.3169829752434,140.08309290612655,100.27489651986929
2019-12-11,132.16105350644878,139.82220641421532,100.67921300086805
2019-12-12,132.68368327578142,140.06300458375597,100.5832271642902
2019-12-13,132.74523164498729,139.69494306179772,100.56234565260657
2019-12-16,132.89468020052718,139.66469513251414,100.66612050678864
2019-12-17,132.95136741601368,139.6575577888452,100.75925857528709
2019-12-18,133.10091506840337,139.69501235086432,100.56284538272202
2019-12-19,133.5154588413316,139.71713315567362,100.70621860116704
2019-12-20,134.1808858181172,139.7658592902051,100.53774736808626
2019-12-23,134.430899968652,139.82476516651786,100.61567191915672
2019-12-24,134.34596114276653,139.9529402990445,100.59909821026842
2019-12-26,134.63828544510142,140.05462544985264,100.53064520097082
2019-12-27,134.00817934637098,139.94670937932372,100.91544770114011
2019-12-30,133.44905811762112,139.96175064053293,100.97482883400443
2019-12-31,133.5443978817139,139.96374233389605,101.0378649351226
2020-01-02,135.07565171390027,140.1249140270464,100.85246606015212
2020-01-03,134.59442602454817,140.3503393436114,100.80276723716756
2020-01-06,134.53852554622455,140.77334829758345,100.91199412999282
2020-01-07,134.52227559063257,141.50723541513113,100.7794414489571
2020-01-08,135.19446416914698,141.20462404301443,100.54167979193011
2020-01-09,135.93240874095952,141.08922931035963,100.5891406829828
2020-01-10,135.52868126602135,141.30498361428732,100.6800980626681
2020-01-13,135.64512166364486,140.8635976019326,100.73887483987372
2020-01-14,135.75826551988692,140.84568205571048,100.81749787437985
2020-01-15,135.87532191698867,141.0311954949839,100.8771784127274
2020-01-16,136.9341113030562,140.9787852915573,100.80832796480442
2020-01-17,137.52836650360362,141.27974754512883,100.56719299901644
2020-01-21,137.23381054973342,141.3433282439971,100.48209071151595
2020-01-22,137.14283009620135,141.31786441000324,100.53850858424545
2020-01-23,137.31681485583255,141.57712415284627,100.28281667943006
2020-01-24,137.10143065662533,142.15986239095457,100.15957635671408
2020-01-27,136.0647850798209,142.93271154691814,100.04349407077898
2020-01-28,136.49209360823187,142.2408171158248,100.03683857043357
2020-01-29,136.59406808491238,142.7571949209071,100.04708524606734
2020-01-30,136.75435834373312,142.49965077965044,100.04284449493902
2020-01-31,134.9565465125866,142.91656921343213,99.99369262545035
2020-02-03,135.50226889055315,142.56918511729324,100.02812072235015
2020-02-04,135.28777544299,141.59443957934423,100.03737209755931
2020-02-05,135.00456487216059,142.02599731019077,100.06712850591775
2020-02-06,135.09563178966286,142.61574015067146,100.06398455840439
2020-02-07,135.17788848347575,143.02940867002943,100.11230129724765
2020-02-10,135.80082217212535,143.33693131172743,100.15560136353747
2020-02-11,135.76860811539743,143.10999546568223,100.14183868471325
2020-02-12,137.1223601630987,143.30253152439175,100.2203748980999
2020-02-13,137.0329322474043,143.97680282300607,100.30399163596354
2020-02-14,137.03738586466017,144.4117719201832,100.31598123842218
2020-02-18,136.89695750768902,146.00748063244825,100.48217747159148
2020-02-19,137.08552213482196,146.56477486677687,100.43408481992137
2020-02-20,136.91301244038343,147.305693804106,100.47414661740865
2020-02-21,135.99162112553097,148.2918519542283,100.35290703725883
2020-02-24,133.52989759574498,149.30020786150857,100.33349105192823
2020-02-25,133.98316125682393,148.02045611088468,100.36992752342194
2020-02-26,134.0431698888283,148.29070880192108,100.351112127337
2020-02-27,136.60496224444552,147.66292351795278,100.07902395493994
2020-02-28,137.3748229955995,144.83915239928834,100.09087763462661
2020-03-02,135.69621719078407,144.3062850686629,99.76294203915948
2020-03-03,137.03224136506006,146.3823196080054,99.63521562440076
2020-03-04,135.02816513534887,146.44783410400046,99.81059568114713
2020-03-05,136.82902533434674,147.80790613003475,99.49526121335525
2020-03-06,137.40140314752898,147.45179600634344,99.52580103520367
2020-03-09,144.29544367864693,146.28083941874635,98.96941777379604
2020-03-10,141.49689317709692,146.00400918472786,99.23377308109214
2020-03-11,145.98233002975707,145.4390721328344,99.30722285635079
2020-03-12,153.45286191149006,143.35262375986187,99.32589308260553
2020-03-13,148.7889940839283,141.7347569372872,99.41203507079024
2020-03-16,163.87430156734024,140.529420480118,99.20160484343772
2020-03-17,158.1595364362353,142.38798092951242,99.64161820297282
2020-03-18,164.8004169383066,142.67760071674024,99.65239605613061
2020-03-19,162.28594451684248,142.5251805241351,99.99770155121936
2020-03-20,167.77588367169244,142.25421497248678,99.98460304989342
2020-03-23,172.02793155872553,141.78836621244773,99.99292151612336
2020-03-24,162.80292553149476,141.1520210456961,99.9924956078397
2020-03-25,161.57430203407213,141.40613976193757,100.0847397707669
2020-03-26,157.59227540533516,141.47383891426625,100.17533118963787
2020-03-27,161.53022655886625,141.63956035239542,100.29088932547964
2020-03-30,158.25043399688343,141.56989596898327,100.18057510062917
2020-03-31,159.58484627998496,141.9442087415051,100.1756472521615
2020-04-01,162.66360965715225,141.7277116317817,100.10452182462942
2020-04-02,160.02688031831934,141.38720753160436,100.00547216155358
2020-04-03,160.96031905807274,142.06057410541715,99.96125296207619
2020-04-06,154.67455751689175,143.87449738443365,99.98268547582008
2020-04-07,155.46578631065617,142.65199586512696,100.07030676670891
2020-04-08,152.5385580045693,142.80673250473706,100.04292821992964
2020-04-09,152.11690608719607,144.53084964708253,100.10817708637938
2020-04-13,153.06063624721182,146.72778974759055,100.04636075340602
2020-04-14,153.33221648601307,146.80793766711466,100.23460973754217
2020-04-15,153.14360445338156,146.85370186719567,100.05956736389221
2020-04-16,153.26435446434317,147.3566973136561,99.82203491645366
2020-04-17,153.6724842706872,145.62825771129866,99.95368256086815
2020-04-20,153.31512824703105,146.27121119707837,99.91779420126703
2020-04-21,152.91121358571158,146.04273211998597,99.92054561731713
2020-04-22,153.26518331481319,146.91116976589547,99.76626849489767
2020-04-23,153.35646111070895,148.03386768806433,99.6424621412779
2020-04-24,153.46012812341212,147.68052347093231,99.58183125352166
2020-04-27,153.68290145080616,146.97355647356542,99.58678602739427
2020-04-28,153.67514368576923,146.76863811403211,99.6155499205258
2020-04-29,153.9379898630233,146.651245378624,99.46987832632581
2020-04-30,153.64405263695645,144.95939367773258,99.23682465704853
2020-05-01,153.21604483611708,145.38459663502132,99.131345114029
